25.0471
38.2483
31.5675
34.3337
13.9895
37.0904
8.22656
24.5019
18.1685
8.26747
9.42303
12.1962
22.5055
35.7474
26.7848
41.9822
23.0812
21.0366
42.4386
15.331
43.4435
30.3057
37.4224
38.9835
36.56
28.6052
14.5258
16.3041
12.3174
31.9323
20.2601
21.4447
18.2109
17.8213
23.5013
34.8367
24.1808
19.6492
19.9864
25.6189
13.1921
40.2878
15.0759
41.5116
19.4198
7.19998
9.86535
18.2099
21.5826
19.8234
30.1551
16.5837
29.818
26.0446
22.8409
24.742
18.4816
42.293
12.6277
13.5981
14.785
26.6242
28.8042
32.2904
18.621
16.277
26.9317
22.3837
22.4732
20.7102
13.336
21.0082
28.1078
19.6992
17.5126
8.43087
39.6915
12.7182
14.5722
14.6056
40.2778
23.5501
16.936
33.8568
18.1311
38.0202
20.3164
21.6371
32.9259
37.0612
34.8481
39.853
25.3967
13.5349
25.6229
24.8555
13.857
14.7744
31.6211
28.3714
15.554
15.7632
43.2256
33.3895
9.44575
16.5365
21.8172
21.2293
22.2636
45.38
22.5297
18.3689
44.7452
23.6054
11.7062
21.7884
34.9871
19.969
23.576
35.1532
16.1103
45.9482
13.7342
17.7567
10.0109
26.1922
24.994
17.7099
50.7049
11.8685
38.7106
30.36
12.8099
12.1311
26.4224
17.9498
12.7366
18.0168
46.0828
19.5407
43.8797
33.9497
26.3132
24.3544
22.7903
19.9339
20.2717
13.7888
48.0789
17.3407
27.0527
20.6507
14.7211
11.6671
35.1937
46.0265
22.2679
38.8311
23.7154
8.42846
18.104
28.1548
25.6866
20.0338
13.3319
24.187
14.1806
10.0415
42.7111
22.1161
18.4104
11.9441
22.5995
32.9726
14.0094
43.3139
13.6842
27.2628
34.2244
8.72688
23.583
15.5165
10.2429
18.2261
16.633
28.9427
25.924
30.2562
9.1425
32.6225
21.5649
28.4791
40.7351
22.8157
14.1179
13.0388
21.6045
13.9303
16.2687
17.6173
29.1011
23.8252
33.8133
30.2584
24.0382
10.2259
7.78939
30.7027
50.7076
29.1659
34.0374
30.9285
23.1353
14.2465
17.9712
24.3777
19.433
17.3132
18.3204
16.8562
12.2558
12.5859
13.3061
32.1967
11.21
10.9582
23.586
31.22
47.4603
14.6309
30.2449
43.9206
17.7925
32.3907
15.8095
26.9304
12.8978
40.7016
14.5937
23.4868
44.2081
54.6303
21.3361
8.59184
18.6924
14.6118
17.3743
26.3764
44.3513
19.3025
10.1275
22.4738
16.5208
13.6359
18.5792
23.4871
11.7945
30.2635
38.5887
21.323
16.6283
17.5657
25.9669
56.9691
20.9183
13.9295
25.9872
31.705
31.288
23.0385
40.1701
21.6214
42.0476
34.9695
9.86539
7.47975
16.8025
11.1321
12.9782
30.6429
9.28195
15.023
29.3744
9.42846
12.9842
16.5968
14.1963
19.5763
17.7122
30.8561
17.7287
49.4979
17.058
29.8743
25.6427
24.1682
15.5426
17.9281
28.354
27.3981
28.8106
48.3022
18.1403
18.648
10.9063
34.267
29.9479
35.1895
18.9749
26.0403
8.83645
27.2715
30.5807
22.6261
22.4697
24.9714
16.1717
22.9796
54.5527
18.8989
31.4697
41.856
21.1746
32.9266
18.6599
13.4229
11.3567
25.6249
27.0729
27.3827
44.3291
35.5436
23.3673
18.6499
17.1235
12.7877
25.9913
19.0687
39.0875
22.7272
10.1313
21.901
32.0458
19.5883
20.3287
47.9744
22.8849
13.5555
46.8101
22.2126
23.0217
30.6501
47.8409
34.9099
37.1583
13.2318
13.3243
37.8606
29.513
20.9313
37.0166
23.4407
26.3671
20.8695
39.1077
17.292
15.2961
11.9012
23.3422
27.4755
17.7844
15.5912
25.2209
20.3575
14.4181
9.38787
27.2912
27.8719
23.7065
14.5254
31.179
24.0372
20.2298
19.4742
9.83392
33.4196
41.6162
9.24208
24.226
30.4631
20.5657
30.3545
41.2305
31.6213
28.5023
11.8001
21.8101
19.4894
21.6906
47.2439
10.4875
13.9557
33.5789
11.9303
16.9547
17.3826
16.5488
20.8541
8.0075
46.1015
24.0564
47.7241
25.8991
17.3904
17.504
7.65331
20.1406
28.6381
30.0261
20.466
16.8064
8.82051
18.4877
15.2071
12.6782
18.7936
15.0667
33.8825
30.8028
30.5327
26.9137
22.4173
16.9112
25.039
30.9189
29.51
16.6251
11.5891
42.1759
22.3135
22.0486
17.6941
47.4786
33.8026
39.3039
40.9683
29.9926
13.1361
45.5594
14.5317
41.6271
18.5844
20.1306
44.9315
32.2037
14.7344
19.5067
17.6378
21.5269
28.0058
19.1837
43.8809
19.8306
25.6225
31.6688
45.3365
15.47
31.8099
27.6477
7.89342
17.2989
38.2929
25.2092
25.5145
12.2863
14.8225
22.6727
12.5098
28.5571
17.5299
22.7159
37.2735
22.2575
15.9029
12.8084
41.2253
32.7932
27.1719
26.4219
8.4175
27.0173
11.5393
36.0137
20.3253
9.41405
13.7778
19.9464
22.3396
13.5242
17.3362
48.046
27.5705
25.5464
23.5078
39.8903
34.4735
44.941
27.6789
40.064
52.1071
23.3357
48.1777
42.4358
23.2525
28.2063
32.8033
27.6551
24.4093
43.4397
27.0234
33.221
32.4226
43.1534
39.793
26.9061
34.1876
20.421
35.3807
40.5087
24.8425
36.2407
21.6819
39.4763
43.1341
26.1957
30.8216
20.6154
21.9896
23.9746
33.969
31.4282
42.8961
37.7751
43.005
26.9809
25.8321
27.4183
46.1696
51.4643
31.1632
55.3146
41.5684
36.9019
36.5486
59.7153
22.9797
54.4218
44.6843
24.6325
22.6773
48.0625
35.234
37.9796
23.3482
27.2756
31.4969
51.8167
47.582
51.8476
26.6325
38.7046
30.8728
33.0273
27.1386
37.3095
31.9404
36.4216
36.1384
24.7048
24.675
41.8044
27.5272
19.2943
57.6471
36.3269
54.1088
24.0207
31.1738
39.0643
28.4647
26.1307
31.5018
32.7383
45.0559
38.8246
24.4682
30.3686
21.8251
23.4568
23.4916
31.6871
43.6019
21.8496
41.7234
44.5422
42.7707
43.9981
31.9087
54.9307
23.8186
24.3135
24.1582
33.1871
27.0525
20.8534
39.7613
35.1793
34.2556
24.5122
25.4846
50.5991
60.6531
31.8658
43.9767
24.928
26.3618
37.3193
42.4034
29.2623
57.7485
22.0512
35.3141
44.6843
35.325
26.0525
27.8772
26.1525
19.2601
34.282
21.4706
23.2715
43.6894
29.4175
33.7925
31.8739
23.6129
33.9888
27.2007
24.0488
37.422
43.8363
41.3053
41.5584
27.0292
38.0271
25.8766
33.195
39.2789
25.36
26.5902
23.7426
24.7843
34.5213
51.3354
40.2353
25.9383
30.5429
28.3126
54.3971
36.17
49.8655
32.2645
23.2449
25.643
38.4109
49.2128
23.6946
45.2886
21.6182
23.7423
45.6667
35.7341
42.5045
27.798
30.8417
44.4487
29.7388
40.6618
30.0871
41.1936
28.1689
32.01
27.321
27.1506
53.744
33.6382
23.2765
27.3627
26.1179
51.6118
23.5655
56.4233
28.6163
37.1477
19.8872
58.9907
29.0644
33.0458
24.5491
43.9734
57.0264
36.0337
36.4661
29.2096
31.7368
54.9868
40.5683
48.6776
25.2688
46.2907
25.3991
42.2707
27.5148
30.1292
31.9506
38.0365
20.4543
28.3656
32.5926
50.1688
32.7269
27.4625
50.5697
47.7093
48.7896
48.1097
42.7485
51.4439
23.4619
39.0044
32.066
22.7447
32.8751
29.3147
34.7685
43.9375
30.7073
36.4579
41.2032
23.6517
56.1378
48.3807
45.4531
56.2067
30.7449
22.6983
25.4414
36.7654
44.4131
20.0338
27.5297
22.7196
29.4976
24.0358
37.4171
20.5296
33.1439
45.4619
53.0321
53.6392
28.2836
47.7501
22.4228
39.8534
56.7105
26.5278
38.09
39.478
25.3167
52.3459
43.6375
44.0375
35.2222
20.0136
26.5647
22.7649
29.4039
28.28
26.0722
24.2288
48.0294
41.9601
36.5379
28.5399
26.7909
39.4765
35.9827
38.9201
29.0609
38.8182
57.3964
39.1961
35.1903
35.3117
27.9239
37.8681
42.777
27.8501
32.9079
38.1557
35.3731
32.1628
39.7532
30.1143
42.6207
38.1422
57.0836
37.5571
21.039
35.7033
39.1025
41.9558
25.5867
29.6543
38.4336
32.3804
35.5326
39.5363
33.5135
49.6044
54.8677
32.9506
22.9849
43.6917
26.8362
37.7991
27.1517
23.2427
35.351
21.6485
44.3751
29.9808
48.2687
51.0044
46.3307
52.7568
41.3301
24.0892
35.5619
42.2753
34.2878
52.7988
53.8171
28.6919
26.1179
37.3007
26.5882
32.5401
30.9072
52.3259
27.1621
20.7653
25.305
50.5408
47.2636
46.2261
23.9001
48.6212
24.7314
21.193
31.6576
28.4302
31.4345
23.4467
51.5561
31.3704
24.1882
40.5493
29.6912
52.6526
39.9628
34.5478
43.0858
47.5305
21.5706
24.9135
26.4784
35.7214
27.7073
34.5854
32.1066
28.0395
26.9689
34.7539
44.5045
42.3765
25.2699
27.8915
34.8516
22.4889
28.8253
41.9525
46.6494
31.2095
40.6569
45.82
22.3011
22.8409
25.5852
25.6518
40.2849
24.7203
20.3605
34.6268
46.1559
26.9184
40.4239
30.3841
25.9179
28.8644
29.7276
34.4349
26.3151
34.092
32.8939
23.4467
23.2959
26.41
23.9368
26.6949
25.7646
50.4753
36.2038
26.735
41.7695
34.3112
30.2367
53.7296
53.8494
63.6316
52.1381
24.4209
21.8259
37.0894
38.8439
25.5043
29.0343
30.4329
33.7762
25.2751
39.7245
21.9908
38.2966
43.2053
44.5988
24.8954
26.1219
38.768
56.3899
33.8359
21.684
33.8547
23.2771
31.1605
22.3152
30.7481
50.7905
29.8014
43.0667
24.1102
25.3996
28.5203
30.1179
33.6051
29.4615
43.1513
30.9465
27.687
52.1071
44.5149
41.1211
23.7028
42.2048
29.9621
29.0015
33.1827
44.4312
27.3846
63.5528
19.64
54.6814
30.6413
34.2948
51.6875
23.7098
40.809
48.333
25.6109
37.058
26.0023
