1164.01
1159.86
1161.66
1157.75
1151.69
1149.5
1145.36
1146.16
1143.79
1143.8
1141.85
1144.49
1139.95
1136.16
1138.01
1138.27
1130.32
1127.8
1124.63
1121.71
1122.24
1122.44
1117.76
1114.88
1113.93
1112.25
1112.44
1109.6
1115.14
1108.85
1111.75
1112.29
1112.1
1122.91
1124.35
1125.03
1125.66
1123.73
1123.38
1121.81
1125.74
1125.79
1129.67
1132.86
1130.3
1132.63
1132.6
1133.41
1134.7
1135.43
1131.39
1135.06
1136.13
1136.96
1136.49
1132.12
1141.21
1139.66
1137.71
1140.96
1144.92
1145.31
1144.95
1142.37
1148.45
1150.87
1149.29
1143.38
1143.25
1136.66
1136.36
1130.98
1131.59
1135.85
1136.74
1137.85
1141.2
1136.69
1139.01
1135.64
1138.58
1136.27
1133.02
1136.53
1139.88
1144.12
1139.48
1137.25
1142.47
1137.72
1131.85
1135.37
1136
1140.64
1142.67
1142.13
1137.39
1130.34
1129.83
1134.22
1135.07
1135.82
1138.29
1141.96
1139.65
1140.02
1148.51
1142.88
1141.69
1151.56
1145.88
1145.59
1147.4
1145.12
1141.42
1138.78
1137.58
1132.63
1129.28
1124.37
1121.51
1127.31
1129.55
1126.37
1124.82
1120.39
1117.92
1123.41
1130.21
1137.03
1134.13
1130.11
1129.17
1127.3
1132.26
1131.13
1133.09
1128.73
1127.18
1125.62
1128.46
1131.7
1126.88
1122.26
1122.13
1119.16
1119.21
1114.53
1113.83
1115.32
1116.07
1113.89
1109.21
1114.47
1114.96
1117.23
1120.91
1118.19
1119.4
1119.42
1120.16
1120.08
1121.59
1118.04
1116.74
1117.5
1123.29
1125.29
1124.66
1125.59
1122.53
1123.97
1122.09
1120.03
1121.69
1119.35
1118.05
1119.81
1117.47
1113.84
1122.55
1232.67
1233.91
1233.69
1230.14
1228.21
1226.76
1227.4
1223.43
1225.54
1235.38
1236.88
1233.48
1235.3
1240.49
1236.26
1237.22
1236.82
1236.14
1235.45
1226.33
1228.43
1224.83
1223.19
1228.31
1228.91
1228.31
1223.3
1221.39
1224.41
1222.56
1219.78
1221.22
1218.77
1210.91
1211.09
1212.84
1208.67
1210.72
1210.57
1219.51
1225.27
1225.25
1229.81
1231.53
1232.25
1233.42
1239.08
1239.21
1237.94
1235.74
1229.27
1227.55
1220.99
1221.77
1223.78
1224.57
1222.32
1221.3
1220.4
1216.4
1217.05
1210.6
1213.2
1215.87
1212.13
1218.77
1222.57
1221.51
1212.64
1211.26
1218.8
1222.61
1221.73
1219.11
1216.71
1221
1213.69
1210.89
1209.34
1203.94
1202.89
1196.85
1193.44
1195.21
1195.41
1200.55
1197.52
1202.13
1204.58
1201.16
1196.26
1193.54
1190.97
1188.42
1185.69
1190.65
1193.39
1193.3
1197.86
1195.09
1197.92
1193.78
1200.29
1199.49
1200.58
1207.22
1204.23
1199.37
1195.27
1196.17
1196.43
1194.92
1197.94
1198.07
1201.88
1194.97
1193.84
1192.4
1187.59
1184.49
1183.22
1178.79
1174.08
1170.55
1173.29
1171.87
1175.8
1174.57
1171.46
1170.76
1169.94
1169.26
1163.73
1158.42
1160.02
1159.99
1164.01
1163.64
1163.21
1171.38
1171.4
1170.74
1176.8
1178.52
1180.48
1185.25
1185.81
1185.33
1184.18
1183.91
1185.63
1192.79
1195.79
1196.34
1194.31
1195.42
1194.41
1195.47
1195.79
1196.14
1200.79
1197.45
1197.79
1189.6
1185.38
1188.64
1190.34
1191.4
1192.58
1196.66
1198.42
1200.68
1199.78
1203.37
1210.52
1213.95
1211.26
1211.58
1207.47
1208.8
1208.07
1509.35
1509.41
1513.93
1510.54
1509.36
1512.19
1512.8
1514.74
1510.61
1513.24
1509.6
1511.46
1513.82
1515.3
1515.87
1512.89
1520.13
1518.76
1520.14
1511.65
1512.18
1509.38
1513.08
1512.56
1513.17
1515.8
1516.78
1515.78
1518.49
1516.52
1519.92
1522.32
1521.83
1517.41
1512.36
1514.35
1520.07
1520.28
1519.7
1516.1
1522.01
1519.31
1518.37
1519.99
1521.49
1521.67
1521.22
1523.7
1527.72
1523.86
1526.52
1524.26
1522.91
1521.29
1520.29
1518.51
1519.23
1518.2
1512.93
1511.49
1512.41
1509.65
1506.57
1506.25
1504.03
1501.25
1500.76
1500.46
1502.18
1501.73
1499.29
1501.54
1503.44
1506.17
1504.93
1502.45
1499.69
1496.55
1501.37
1500.95
1498.77
1502.23
1500.51
1496.02
1496.39
1502.23
1503.22
1504.56
1505.81
1509.16
1503.81
1500.04
1497.26
1497.26
1499.01
1499.56
1502.28
1501.83
1498.46
1502.48
1499.85
1502.72
1503.82
1504.93
1507.16
1506.74
1503.04
1505.76
1507.67
1509.23
1511.03
1508.93
1513.89
1513.82
1515.29
1516.64
1517.08
1517.27
1515.21
1514.7
1509.08
1507.16
1508.34
1511.97
1509.41
1512.86
1517.59
1515.73
1514.95
1515.32
1517.71
1522.91
1523.77
1524.35
1521.81
1521.25
1520.63
1517.65
1511.91
1511.87
1503.63
1501.77
1497.81
1492.95
1492.25
1494.13
1498.04
1497.11
1500.3
1504.1
1506.8
1505.74
1504.65
1506.12
1503.41
1503.72
1505.88
1504.54
1506.7
1512.28
1511.83
1510.53
1512.72
1511.58
1506.54
1506.1
1500.36
1504.08
1501.98
1497.36
1498.45
1500.48
1498.32
1493.43
1490.27
1491.64
1489.8
1489.85
1487.13
1483.85
1481.63
1848.28
1849.29
1853.08
1855.34
1856.58
1858.61
1863.13
1859.89
1852.7
1847.55
1845.52
1841.92
1843.79
1835.9
1831.33
1830.12
1833.86
1838.9
1842.37
1845.1
1843.84
1840.18
1839.44
1839.88
1843.59
1847.55
1850.78
1855.98
1858.16
1858.47
1852.51
1849.96
1852.71
1852.96
1853.97
1853.53
1851.91
1854.27
1852.96
1850.05
1847.17
1844.99
1845.9
1845.29
1844.47
1842.34
1837.14
1834.28
1833.57
1836.92
1838.44
1837.77
1833.87
1832.41
1823.22
1821.76
1821.14
1818.32
1820.22
1821.13
1821.69
1828.79
1825.03
1823.83
1825.41
1826.24
1827.08
1825.26
1826.71
1825.09
1826.92
1826.53
1822.39
1830.53
1829.64
1830.17
1828.58
1827.71
1819.69
1820.3
1813.76
1815.77
1820.1
1817.86
1817.35
1822.41
1822.26
1828.59
1832.87
1823.11
1819.49
1817.98
1815.92
1818.92
1816.31
1816.34
1820.68
1819.48
1818.8
1815.14
1820.5
1824.9
1822.82
1821.61
1819.75
1820.24
1823.97
1825.36
1826.69
1824.72
1825.29
1821.02
1823.94
1825.28
1817.22
1819.07
1818.3
1817.75
1821.77
1820.99
1823.64
1819.83
1825.48
1822.65
1823.82
1818.54
1819.8
1820.81
1820.82
1819.7
1824.45
1824.79
1826.2
1821.48
1822.9
1818.71
1821.96
1825.1
1828.53
1828.88
1827.61
1832.31
1833.44
1836.52
1840.92
1837.85
1836.5
1830.04
1832.82
1830.19
1830.41
1832.96
1827.64
1827.57
1824.75
1823.31
1819.33
1824.78
1821.62
1824.21
1826.49
1823.78
1825.78
1823.32
1827.23
1824.68
1821.66
1817.68
1814.93
1816.42
1819.78
1816.51
1821.32
1827.16
1824.14
1821.76
1827.33
1823.94
1820.82
1825.94
1828.88
1489.99
1486.36
1486.34
1483.21
1484.96
1490.23
1487.7
1494.99
1498.77
1498.42
1499.44
1503.6
1502.76
1496.79
1496.65
1498.82
1494.44
1498.74
1498.24
1503.98
1509.11
1513.32
1513.6
1508.73
1513.18
1516.64
1522.45
1515.62
1511.84
1507.07
1506.57
1503.33
1507.57
1506.12
1506.83
1505.62
1508.39
1511.06
1516.67
1513.13
1518.9
1515.73
1513.24
1510.8
1512.29
1511.69
1510.87
1512.21
1514.23
1520.29
1515.95
1515.49
1509.31
1508.6
1505.76
1502.46
1501.07
1505.74
1505.14
1503.69
1501.5
1502.54
1497.66
1497.4
1498.96
1504.64
1505.29
1507.08
1511.04
1506.79
1505.76
1502.46
1499.64
1499.85
1501.43
1500.73
1501.83
1501.12
1500.88
1499.81
1505.37
1503.36
1504.87
1509.54
1511.98
1513.27
1507.93
1511.66
1506.71
1506.91
1510.11
1510.02
1510.05
1503.95
1502.89
1506
1511.34
1509.98
1505.13
1510.3
1507.63
1513.24
1515.27
1519.51
1519.36
1518.92
1518.29
1520.26
1520.07
1511.56
1503.32
1503.08
1498.28
1497.49
1499.59
1499.54
1494.85
1497.45
1499.08
1499.06
1501.83
1501.66
1508.59
1509.14
1513.19
1513.47
1514.63
1516.41
1520.11
1523.05
1525.5
1522.57
1518.1
1516.52
1513.21
1516.41
1520.89
1521.52
1517.03
1518.25
1518.44
1516.05
1518.15
1520.22
1517.27
1516.14
1519.04
1520.72
1521.34
1518.75
1526.02
1529.73
1529.53
1529.12
1525.44
1528.55
1527.83
1525.62
1527.11
1528.75
1529.51
1531.85
1530.09
1538.73
1540.05
1540.9
1544.02
1546.55
1550.16
1545.45
1551.97
1552.85
1554.08
1551.54
1551.51
1550.55
1553.53
1554.12
1558.7
1560.08
1559.65
1340.2
1338.11
1340.17
1335.19
1337.14
1334.87
1324.85
1323.22
1323.82
1327.51
1326.24
1327.94
1323.71
1329.04
1329.08
1330.83
1328.67
1328.6
1334.48
1331.07
1331.31
1332.26
1333.91
1335.46
1336.86
1335.09
1331.96
1331.66
1331.21
1337.9
1336.14
1333.75
1335.9
1333.28
1330.4
1331.93
1329.04
1331.23
1336.15
1335.88
1333.54
1331.52
1335.99
1334.49
1331.74
1330.06
1322.8
1319.85
1319.1
1315.85
1313.29
1316.69
1319.81
1321.96
1325.41
1322.86
1321.98
1322.77
1319.23
1325.39
1321.37
1317.75
1319.62
1317.03
1316.51
1316.92
1311.24
1304.24
1299.83
1300.56
1301.8
1297.45
1301.45
1301.57
1300.45
1300.46
1303.21
1298.93
1305.89
1300.57
1294.44
1295.09
1295.45
1298.25
1300.67
1295.24
1299.87
1300.34
1304.71
1302.31
1304.01
1301.01
1296.58
1299.4
1302.25
1304.62
1297.59
1295.06
1293.77
1296.27
1293.09
1293.22
1298.85
1292.17
1288.63
1286.04
1285.37
1287.65
1288.07
1287.56
1278.79
1276.02
1277.8
1281.63
1280.4
1279.44
1276.56
1276.93
1279.32
1277.92
1281.05
1275.71
1276.09
1279.12
1279.27
1276.56
1278.35
1285.1
1283.39
1284.92
1279.93
1277.48
1274.61
1274.34
1278.04
1274.67
1273.91
1272.91
1276.5
1271.65
1269.4
1268.4
1268.94
1268.95
1258.73
1256.99
1255.26
1249.68
1254.96
1259.63
1263.41
1260.41
1254.91
1251.45
1257.31
1262.01
1258.79
1261.22
1261.03
1261.67
1261.6
1261.38
1258.72
1263.49
1262.36
1259.51
1262.13
1263.51
1260.32
1259.81
1264.38
1262.82
1260.76
1259.92
1258.11
1254.5
1252.67
1257.51
1262.49
1260.66
1256.75
1564.05
1564.99
1561.42
1559.19
1560.42
1556.47
1553.06
1554.68
1557.33
1555.62
1553.31
1556.13
1556.94
1557.66
1560.23
1566.91
1566.65
1564.53
1567.02
1572.47
1574.37
1576.23
1580.71
1573.99
1572.05
1567.36
1564.37
1567.84
1565.91
1562.86
1561.59
1558.77
1562.75
1565.92
1566.64
1561.32
1558.31
1555.73
1552.61
1551.77
1552.19
1547.15
1548.92
1545.21
1543.58
1548.54
1549.93
1554.87
1555.64
1558.24
1556.64
1557.27
1560.95
1559.02
1555.81
1555.86
1556.28
1556.26
1560.78
1557.89
1556.43
1557.48
1559.18
1560.36
1555.9
1562.91
1563.89
1562.55
1562.17
1560.65
1563.87
1561.95
1561.54
1561.2
1568.61
1567.59
1563.58
1568.55
1571.15
1570.56
1568.78
1572.5
1570.06
1564.78
1568.78
1576.44
1581.19
1581.64
1580.13
1582.89
1578.02
1570.45
1566.03
1562.37
1568.91
1571.38
1570.96
1572.97
1571.54
1568.55
1569.79
1568.99
1566.38
1568.08
1568.95
1569.09
1573.13
1577.65
1576.73
1571.63
1571.81
1569.92
1576.42
1579.47
1583.65
1590.16
1589.24
1595.42
1597.26
1594.33
1592.04
1592.35
1600.94
1602.47
1603.94
1605.77
1605.53
1604.59
1598.16
1603.48
1605.21
1604.54
1608.11
1607.6
1613.19
1609.09
1614.98
1617.87
1620.9
1620.3
1621.02
1622.9
1626.03
1624.75
1624.97
1624.54
1617.18
1619.37
1618.97
1614.32
1616.42
1617.8
1619.33
1622.28
1622.88
1616.18
1616.79
1615.63
1610.76
1615.06
1616.74
1613.77
1616.72
1615.95
1622.43
1624.58
1625.68
1626
1625.65
1628.62
1626.24
1631
1631.23
1632.9
1623.65
1625.96
1625.97
1628.28
1627.77
1633.23
1635.55
1431.71
1436.73
1436.35
1435.73
1438.37
1438.28
1436.62
1434.09
1440.14
1440.15
1441.68
1445.14
1443.13
1441.15
1441.87
1441.12
1432.66
1437.26
1435.87
1435.3
1433.76
1436.11
1438.98
1435.88
1438.57
1439.74
1435.48
1436.21
1434.77
1438.05
1440.8
1448.72
1448.56
1447.63
1451.86
1455.78
1454.18
1452.68
1450.27
1449.54
1452.87
1453.62
1447.61
1450.12
1454.87
1459.85
1463.1
1461.11
1457.86
1460.21
1457.95
1457.45
1457.36
1456.45
1456.7
1451.37
1454.94
1456.82
1454.03
1459.22
1459.53
1456.19
1457.69
1453.89
1457.08
1454.71
1448.44
1443.67
1446.44
1440.48
1440
1449.96
1449
1450.33
1452.04
1444.78
1441.78
1445.16
1442.32
1439.99
1438.11
1432.33
1429.03
1436.6
1439.97
1440.1
1445.86
1450.35
1445.96
1449.4
1450.14
1455.17
1454.89
1451.2
1447.09
1447.95
1450.89
1445.01
1447.52
1448.51
1455.77
1455.15
1455.59
1451.75
1451.13
1449.33
1448.83
1451.85
1448.1
1446.99
1449.62
1447.17
1452.6
1450.57
1453.34
1455.39
1458.24
1459.48
1458.69
1453.83
1451.48
1455.72
1455.1
1453.89
1454.45
1457.2
1455.13
1453.91
1453.09
1454.42
1451.78
1451.77
1453.93
1454.01
1464.57
1461.59
1467.23
1466.7
1463.31
1462.17
1462.61
1455.18
1453.18
1456.03
1459.03
1457.48
1463.67
1457.04
1452.15
1451.61
1444.88
1448.37
1448.93
1443.48
1445.24
1440.46
1441.23
1445.95
1447.71
1453.21
1452.78
1448.22
1454.11
1461.74
1459.33
1458.59
1463.42
1465.27
1463.52
1461.64
1458.76
1458.38
1459.61
1459.27
1458.39
1458.29
1463.2
1459.38
1453.62
1453.21
1448.77
978.373
978.323
983.36
980.024
977.203
976.658
972.065
969.795
964.774
965.564
968.337
965.526
968.996
970.69
971.289
966.95
966.035
965.877
969.837
966.683
963.228
963.486
964.088
966.596
968.015
965.63
968.435
967.253
968.465
965.118
966.019
969.217
969.369
962.808
961.017
965.049
967.176
967.006
967.148
972.303
970.801
975.847
977.338
970.984
977.008
982.608
982.86
981.584
985.807
989.273
989.845
991.97
990.995
987.122
986.395
986.711
983.974
979.876
986.08
988.463
993.812
996.252
989.037
990.256
986.951
988.484
988.268
989.873
991.57
988.534
984.244
989.522
988.144
988.088
984.581
986.874
982.691
980.084
977.828
972.792
970.591
970.395
969.52
972.451
969.602
966.067
963.558
954.742
953.295
958.78
957.918
954.511
952.951
952.987
953.654
949.533
952.775
955.599
958.027
960.231
956.551
962.629
961.794
965.176
966.112
962.862
966.804
970.806
970.85
973.269
971.64
974.042
978.558
979.436
976.187
975.438
973.723
973
975.434
971.008
968.803
971.707
966.156
966.558
973.177
969.216
971.059
969.528
969.13
965.604
963.017
962.748
963.096
963.991
957.925
963.09
964.195
958.94
956.29
955.993
956.95
953.552
954.105
954.702
952.438
954.809
953.965
958.763
962.107
963.794
967.725
965.927
970.636
969.376
974.004
973.44
970.604
969.93
971.538
970.929
975.531
976.242
971.878
969.751
968.662
976.042
982.678
983.377
985.967
988.351
985.893
988.313
991.865
993.745
997.066
996.819
996.805
995.634
998.174
998.443
995.18
1560.42
1560.12
1564.47
1560.08
1563.17
1560.51
1561.11
1564.54
1566.24
1568.68
1569.71
1568.49
1570.61
1579.14
1574.45
1569.78
1576.18
1575.48
1577.32
1570.69
1572.88
1573.82
1572.2
1570.22
1562.21
1560.65
1561.66
1562.87
1565.27
1571.05
1573.6
1567.5
1568.21
1571.79
1568.55
1570.28
1571.29
1571.82
1566.08
1567.09
1561.86
1560.85
1559.23
1564.59
1559.68
1566.73
1571.39
1571.02
1572
1568.84
1565.01
1561.07
1568.28
1571.18
1574.99
1581.65
1582.27
1585.32
1588.17
1581.19
1581.9
1577.56
1575.65
1570.53
1568.54
1574.87
1572.79
1568.47
1566.04
1562.17
1563.44
1564.73
1564.49
1561.29
1562.28
1555.98
1551.6
1553.68
1547.73
1553.33
1554.08
1551.5
1546.81
1547.66
1553.26
1554.11
1554.31
1560.08
1559.8
1560.01
1566.32
1566.5
1572.02
1571.41
1571.17
1575.38
1570.09
1572.07
1573.87
1567.35
1566.97
1567.03
1566.66
1571.89
1573.17
1574.11
1572.24
1574.84
1574.85
1568.31
1569.4
1568.43
1569.56
1572.63
1571.53
1569.19
1572.07
1568.59
1573.07
1575.7
1577.69
1585.5
1588.07
1589.15
1592.41
1598.17
1598.84
1601.52
1601.71
1599.23
1601.03
1596.11
1598.5
1597.89
1600.16
1604.27
1599.37
1601.93
1609.01
1607.94
1607.52
1607.17
1606.73
1599.51
1598.6
1595.76
1593.63
1596.97
1604.1
1605.24
1605.31
1604.76
1599.91
1599.74
1596.41
1592.22
1590.23
1595.5
1595.75
1594.95
1594.93
1595.79
1594.72
1594.33
1595.32
1592.72
1591.38
1592.65
1593.47
1596.16
1599.02
1598.35
1597.57
1597.97
1597.65
1598.4
1598.42
1603.49
1605.74
1601.93
1604.5
1505.58
1505.23
1508.1
1502.77
1506.08
1501.68
1507.35
1507.43
1510.64
1511.48
1511.7
1509.94
1511.88
1511.32
1508.31
1515.61
1516.23
1512.84
1509.07
1513.46
1512.5
1511.22
1510.68
1519.39
1521.3
1519.71
1525.33
1528.39
1530.67
1533.25
1526.41
1527.12
1523.83
1518.65
1517.15
1516.67
1515.36
1517.82
1522.5
1520.79
1522.64
1526.91
1522.54
1523.38
1521.38
1524.32
1524.17
1523.1
1520.34
1513.26
1518.45
1522.08
1522.57
1528.48
1538.3
1539.4
1539.39
1539.62
1536.81
1539.16
1542.63
1542.08
1540.44
1535.46
1534.59
1542.17
1540.73
1539.6
1543.49
1545.42
1547.41
1543.6
1548.08
1550.71
1543.4
1545.86
1541.77
1542.8
1541.9
1538.51
1535.48
1531.36
1534.04
1537.05
1535.8
1536.8
1536.49
1536.09
1538.04
1538.49
1532.18
1530.67
1531.66
1535.49
1536.12
1537.49
1536.39
1539.81
1535.85
1535.67
1537.03
1538.67
1538.67
1536.46
1532.15
1532.74
1534.57
1527.97
1526.82
1523.7
1527.24
1531.66
1530.01
1529.26
1530.19
1535.96
1534.31
1537.86
1538.16
1537.1
1540.02
1543.87
1542.8
1545.47
1543.49
1541.55
1545.38
1541.74
1537.32
1543.66
1545.29
1552.2
1548.35
1547.41
1549.73
1551.24
1549.33
1542.7
1542.51
1540.23
1546.35
1542.27
1541.99
1542.19
1539.51
1536.92
1532.53
1532.46
1526.19
1522.64
1523.33
1522.26
1520.9
1516.52
1518.58
1512.67
1510.72
1514.77
1515.41
1518.11
1517.98
1517.05
1520.12
1527.28
1523.43
1523.32
1526.06
1526.99
1529.97
1527.29
1525.95
1528.82
1529.07
1534.35
1533.61
1533.44
1535.7
1536.61
1534.21
1530.42
1532.9
1341.46
1342.21
1336.9
1336.66
1337.78
1340.59
1345.64
1338.64
1337.4
1341.06
1346.51
1347.03
1347.43
1343.45
1348.65
1348.96
1346.03
1346.46
1344.9
1336.19
1338.51
1341.32
1342.64
1347.23
1342.4
1346.46
1345.81
1348.27
1346.23
1347.82
1345.65
1345.87
1347.36
1346.2
1340.2
1337.74
1337.74
1337.77
1339.23
1336.13
1334.36
1336.59
1331.31
1328.66
1327.15
1322.66
1328.74
1329.49
1328.44
1339.68
1338.68
1338.52
1334.04
1334.94
1332.64
1331.72
1335.59
1334.4
1334.7
1332.47
1335.96
1334.64
1339
1335.95
1337
1340.45
1339.46
1340.34
1335.8
1330.54
1330.63
1325.64
1322.97
1317.4
1323.75
1317.78
1321.78
1327.92
1320.95
1318.14
1318.65
1314.72
1315.88
1312.53
1312.64
1313.8
1312.54
1315.19
1314.23
1307.97
1308.31
1307.71
1305.8
1310.54
1306.69
1304.35
1298.74
1298.21
1299.75
1298.02
1295.3
1290.89
1288.24
1282.59
1279.17
1279.03
1283.64
1283.56
1280.46
1277.92
1279.63
1274.07
1270.28
1272.48
1269.17
1272.92
1277.9
1280.5
1276.21
1275.52
1270.22
1271.12
1274.66
1275.23
1269.11
1275.11
1271.94
1273.33
1272.18
1269.62
1269.1
1266.06
1264.89
1266.35
1262.39
1265.77
1269.24
1266.2
1264.17
1260.52
1255.75
1253.98
1255.71
1256.65
1256.44
1265.15
1264.97
1269.34
1270.05
1266.85
1262.98
1260.47
1260.9
1263.92
1264.91
1266.05
1263.33
1259.82
1256.82
1261.49
1264.94
1266.09
1271.5
1267.39
1263.49
1260.07
1256.27
1258.61
1257.76
1253.73
1249.9
1248.81
1248.92
1249.37
1248.07
1245.01
1247.67
1250.09
1249.16
1250.9
1248.24
943.229
948.194
949.152
951.341
945.249
938.122
938.012
940.119
936.671
938.068
931.717
927.355
924.328
925.721
927.236
924.663
924.979
925.131
929.693
933.857
937.737
936.822
935.346
943.517
946.538
947.623
946.451
945.883
947.11
944.092
947.446
945.48
948.577
946.699
946.263
947.169
942.988
943.216
945.789
949.576
950.179
954.908
957.896
960.796
962.77
963.248
962.822
962.155
963.338
960.236
962.418
959.654
963.548
967.854
967.299
966.911
966.149
964.909
963.724
964.77
972.365
972.073
972.657
968.771
966.811
970.51
969.758
971.272
967.83
971.55
975.814
977.898
981.704
978.682
980.155
979.464
980.865
982.002
986.741
989.627
985.916
981.111
987.557
993.265
996.22
995.222
989.437
987.767
986.386
990.457
991.851
992.125
988.767
987.147
984.468
984.201
979.532
971.667
976.625
980.132
981.036
970.96
964.45
964.243
964.951
965.308
964.028
966.528
966.053
965.681
957.022
961.952
957.099
956.993
960.991
964.185
965.572
968.213
963.914
956.713
954.678
959.153
954.36
957.418
960.809
959.942
961.216
954.917
956.154
950.359
949.067
949.398
952.106
954.788
952.421
953.019
953.391
951.61
953.179
955.956
953.108
949.267
950.565
950.344
946.739
948.733
947.403
944.398
949.876
952.588
950.425
945.675
942.536
937.558
940.896
939.449
936.731
939.778
934.079
935.382
936.922
932.215
934.023
929.675
931.183
929.393
931.781
930.756
929.264
928.531
923.25
926.714
924.341
924.252
929.682
929.856
930.321
931.699
930.265
930.56
930.503
973.072
972.455
971.647
970.039
969.871
970.512
973.932
981.2
981.841
990.384
984.564
985.425
986.393
987.518
984.297
986.53
987.411
988.102
991.413
995.225
1001.82
1003.24
1005.23
1001.04
997.971
1002.55
1010.67
1013.41
1016.94
1018.89
1019.62
1025.34
1024.71
1021.97
1018.26
1025.71
1027.79
1027.19
1025.82
1028.09
1027.28
1025.58
1021.56
1015.84
1015.54
1018.27
1018.4
1012.66
1016.42
1012.3
1008.51
1010.9
1013.69
1014.95
1013.99
1012.22
1011.17
1013.5
1010.48
1009.02
1009.87
1009.35
1006.56
1007.25
1006.67
1010.58
1007.08
1001.71
1001.51
1001.66
998.98
996.273
998.042
1000.5
1000.05
1002.86
1000.41
997.237
998.202
997.275
995.126
992.646
993.305
991.562
988.74
992.081
992.532
996.071
992.632
992.871
992.394
989.594
988.664
981.551
986.217
988.426
992.215
990.414
993.347
990.097
991.13
991.606
986.801
983.432
981.449
982.119
979.644
981.071
982.711
979.21
984.817
985.197
983.231
978.148
981.099
983.07
980.087
978.515
975.406
981.244
985.239
987.41
987.289
982.64
977.988
980.966
982.726
981.508
977.203
972.75
973.605
976.729
981.6
975.888
977.633
978.866
979.005
975.196
981.213
983.651
986.64
991.809
987.458
981.375
984.353
986.903
982.385
975.096
976.034
975.286
977.428
978.413
981.942
974.75
978.235
980.385
981.028
978.462
974.991
976.142
976.795
975.349
977.139
975.666
978.954
981.144
979.918
981.537
981.858
987.149
988.625
985.692
984.579
986.349
985.344
981.449
981.435
983.738
984.952
985.924
988.199
1251.07
1251.61
1245.56
1240.85
1243.55
1238.98
1240.63
1244.21
1241.47
1245.83
1251.19
1248.9
1248.54
1247.69
1248.07
1247.7
1249.83
1250.77
1251.9
1250.2
1251.78
1253.5
1251.47
1249.95
1246.06
1238.31
1242.11
1240.37
1237.09
1240.5
1242.06
1243.46
1236.06
1233.05
1227.53
1229.44
1228.73
1234.95
1235.49
1235.19
1230.21
1230.46
1230.58
1228.31
1229.58
1228.56
1232.73
1234.36
1235.28
1234.51
1230.57
1231.86
1223.75
1224.31
1229.23
1236.31
1236.09
1238.32
1237.96
1243.1
1239.05
1240.33
1245.84
1245.25
1244.89
1248.09
1245.93
1246.39
1240.93
1231.66
1232.59
1228.66
1230.97
1230.81
1227.15
1223.05
1223.82
1223.16
1218.28
1228.39
1226.39
1221.95
1227.06
1223.74
1222.59
1222.23
1221.2
1225
1226.26
1229.77
1229.05
1228.49
1234.51
1239.9
1239.46
1242.95
1244.88
1243.97
1248.83
1243.97
1242.23
1239.84
1237.92
1236.12
1235.27
1233.95
1235.27
1235.86
1236.07
1234.97
1234.24
1230.64
1237.17
1238.69
1236.7
1236.89
1237.47
1242.34
1249.11
1249.58
1249.6
1244.5
1245.14
1242.52
1248.59
1249.66
1250.46
1249.94
1248.57
1243.8
1242.32
1246.7
1254.24
1260.63
1260.62
1263.05
1260.01
1257.78
1265.89
1266.15
1260.5
1263.8
1262.33
1266.99
1268.55
1272.49
1270.31
1267.44
1263.09
1266.11
1266.9
1263
1268.48
1265.92
1275.92
1273.48
1270.78
1271.83
1272.26
1273.78
1271.32
1279.4
1283.03
1287.02
1286.38
1289.19
1287.98
1285.42
1289.01
1288.24
1286.31
1289.73
1285.42
1289.67
1286.49
1281.67
1284
1280.77
1284.51
1293.01
1291.57
994.849
992.548
991.69
991.528
985.214
977.376
976.993
976.602
976.097
976.772
976.367
974.947
971.462
965.672
961.847
964.857
963.027
958.24
959.47
962.431
958.112
958.049
959.239
960.03
961.256
962.545
959.386
960.183
958.383
961.796
958.151
958.042
956.699
957.223
957.986
956.643
952.812
946.771
951.993
957.062
959.687
954.05
951.761
948.739
948.088
944.956
936.964
938.618
938.663
936.599
943.978
946.135
946.355
946.294
953.479
951.119
953.881
954.389
957.567
956.579
959.73
962.474
964.746
966.717
968.752
970.244
972.939
971.292
968.685
964.979
965.435
965.92
960.003
962.164
964.826
967.598
967.688
962.771
969.949
971.45
979.309
982.507
979.417
981.274
983.191
979.927
979.605
980.661
976.117
976.675
971.312
971.507
969.163
964.978
970.113
970.414
973.75
970.454
970.468
965.563
972.581
976.28
979.208
976.586
977.652
975.876
976.794
979.619
980.825
981.566
971.366
969.642
979.616
978.725
978.128
976.993
979.612
978.385
978.748
980.057
982.341
990.16
988.307
991.181
986.925
985.34
982.002
983.522
981.775
980.189
983.388
976.296
974.466
974.466
971.747
972.713
969.29
974.464
973.379
979.796
978.755
981.435
979.017
983.257
983.304
987.595
992.823
995.596
993.755
991.375
989.805
987.198
984.626
981.77
976.744
976.488
973.3
979.448
980.274
984.231
982.925
983.803
983.687
985.47
987.423
991.672
992.757
989.15
985.812
982.95
982.748
983.801
979.369
982.797
983.512
980.364
979.293
982.792
977.603
976.06
975.365
1232.74
1231.11
1230.14
1230.99
1235.19
1237.27
1236.23
1233.41
1238.36
1238.29
1232.11
1227.72
1225.65
1227.76
1227.23
1220
1216.88
1213.49
1213.19
1212.15
1204.66
1199.73
1195.08
1193.47
1190.96
1199.38
1199
1202.61
1207.32
1206.3
1203.96
1200.58
1197.67
1190.92
1193.06
1192.26
1186.78
1186.21
1186.59
1184.76
1183.12
1188.21
1189.87
1194.34
1199.53
1203.44
1210.65
1213.76
1213.16
1209.58
1208.11
1205.36
1208.84
1208.89
1209.45
1208.47
1212.02
1212.94
1216.85
1217.43
1221.55
1218.31
1219.36
1219.59
1226.98
1229
1225.78
1224.75
1219.42
1222.78
1224.64
1223.85
1223.92
1226.51
1227.37
1229.07
1230.87
1234.99
1233.73
1230.21
1231.68
1235.49
1238.18
1239.87
1234.86
1232.72
1229.67
1227.74
1226.09
1232.54
1231.69
1241.14
1243.85
1241.88
1241.1
1243.68
1251.13
1255.3
1259.66
1257.47
1258.19
1254.26
1256.59
1259.14
1255.43
1250.28
1252.88
1262.1
1260.63
1261.5
1263.44
1263.21
1259.37
1261.88
1268.78
1269.42
1268.05
1271.71
1271.7
1273.66
1273.24
1277.35
1274.27
1276.4
1272.14
1272.69
1264.09
1259.81
1256.87
1254.53
1256.34
1255.84
1258.45
1257.37
1252.86
1249.33
1248.73
1247.59
1253.61
1250.26
1248.11
1251.27
1249.79
1246.23
1244.32
1240.92
1238.4
1237.11
1234.61
1231.5
1238.08
1240.6
1238.86
1240.77
1244.2
1244.43
1244.15
1241.17
1235.65
1233.85
1237.3
1242.97
1244.88
1239.39
1238.6
1241.06
1241.35
1238.29
1243.39
1247.96
1250.2
1249.07
1248.85
1242.81
1239.25
1241.44
1244.3
1240.93
1237.69
1237.73
1237.4
938.928
934.408
938.004
934.897
935.742
933.195
935.565
944.475
946.334
945.472
949.93
957.312
954.73
957.063
952.641
953.255
953.381
948.332
944.166
946.714
946.631
944.234
949.917
953.051
947.106
945.28
946.68
946.188
951.123
949.793
947.881
948.903
949.228
950.508
947.809
942.25
938.192
942.152
940.312
936.187
938.245
946.721
943.237
938.419
936.071
935.751
937.418
933.354
938.088
938.771
933.553
932.419
937.153
942.283
945.559
944.642
942.978
942.733
943.71
948.925
948.532
947.033
941.995
936.511
935.943
932.631
935.332
937.031
932.988
933.057
930.135
936.786
940.112
940.981
939.565
936.859
937.791
942.974
939.421
938.655
935.485
938.017
935.134
931.993
932.653
934.504
930.327
932.196
930.544
928.45
930.617
926.139
927.115
926.174
927.742
925.64
926.726
927.601
932.969
931.185
930.936
937.077
939.315
938.753
939.989
947.213
940.451
940.402
940.097
936.905
937.995
937.205
933.249
932.216
932.936
933.39
927.164
926.322
928.27
930.503
925.358
919.567
924.4
932.136
936.71
937.699
936.102
933.795
933.531
930.997
935.369
937.066
939.667
934.312
930.313
930.433
932.021
935.729
936.531
933.636
928.989
925.033
928.748
929.754
928.681
926.168
928.411
929.195
937.184
935.742
933.861
930.061
931.766
932.319
931.681
931.563
938.303
943.191
944.73
944.09
943.383
945.66
944.288
946.623
943.22
946.5
944.5
940.184
937.287
935.792
929.671
930.394
935.449
934.226
930.26
926.888
927.7
929.804
932.187
929.803
927.157
1050.38
1056.31
1051.87
1053.93
1050.65
1051.93
1057.44
1060.2
1057.35
1057.04
1052.09
1052.83
1057.77
1059.83
1061.12
1064.06
1062.07
1062.6
1061.83
1058.61
1056.03
1055.88
1054.17
1052.72
1053.14
1049.54
1049.59
1051.09
1050.8
1051.82
1050.83
1055.34
1059.84
1055.69
1057.39
1056.53
1053.3
1051.37
1051.89
1051.5
1055.09
1055.2
1054.75
1056.18
1054.87
1057.08
1058.29
1056.52
1057.41
1061.54
1063.83
1061.67
1063.02
1066.43
1061.99
1064.76
1068.85
1069.96
1073.1
1075.85
1076.59
1076.94
1084.64
1083.6
1083.61
1080.95
1076.33
1078.27
1076
1074.35
1073.36
1067.2
1068.16
1073.35
1077.53
1076.37
1074.48
1071.63
1068.18
1071.18
1070.05
1078.69
1085.57
1089.84
1088.58
1091.56
1094.05
1093.84
1092.25
1093.77
1088.69
1088.1
1086.14
1085.61
1083.76
1087.02
1085.99
1088.06
1091.13
1090.46
1090.98
1089.92
1095.25
1092.86
1093.44
1095.48
1092.1
1096.22
1095.76
1097.24
1093.23
1098.3
1098.92
1102.77
1103.94
1100.21
1103.86
1105.19
1104.09
1105.13
1113.99
1115.06
1116.72
1115.01
1116.02
1116.92
1116.95
1113.23
1120.87
1123.71
1121.71
1117.15
1122
1119.72
1118.59
1119.17
1118.68
1115.94
1121.33
1117.31
1119.7
1119.5
1122.14
1123.25
1124.1
1120.64
1121.4
1124.81
1123.82
1128.01
1127.08
1130.51
1126.44
1120.04
1118.3
1124.33
1127.7
1127.72
1129.29
1125.26
1124.3
1122.14
1122.11
1125.68
1120.2
1119.54
1123.37
1120.3
1123.81
1128.95
1124.25
1126.17
1125.79
1123.75
1123.07
1120.86
1115.79
1115.62
1117.53
1113.98
1112.5
1245.87
1243.38
1239.85
1238.29
1233.92
1236.86
1234.65
1240.31
1239.27
1235.16
1234.93
1235.49
1229.97
1231.04
1228.62
1227.11
1234.38
1241.2
1244.54
1249.84
1251.01
1250.87
1248.59
1246.24
1239.22
1238.81
1242.43
1238.86
1239.99
1241.39
1239.3
1231.21
1234.93
1234.74
1237.3
1240.02
1241.71
1240.46
1242.72
1248.56
1247.23
1251.9
1252.22
1251.97
1255.15
1256.45
1257.26
1261.6
1253.46
1259.61
1259.62
1254.84
1255.89
1253.64
1245.52
1244.56
1242.18
1243.86
1244.11
1246.23
1243.66
1244.6
1248.25
1242.45
1240.08
1236.1
1238.04
1239.45
1241.62
1239.99
1235.24
1243.02
1241.42
1243.21
1239.75
1242.43
1237.59
1240.44
1242.84
1243.68
1239.14
1241.05
1239.13
1243.03
1244.69
1244.68
1244.26
1244.61
1243.13
1245.02
1244.3
1250.42
1253.05
1253.77
1247.14
1252.61
1252.82
1253.37
1250.86
1250.39
1247.94
1246.4
1247.79
1249.69
1250.28
1255.32
1256.38
1254.72
1253.96
1255.47
1252.25
1252.28
1251.51
1251.56
1255.45
1251
1251.33
1253.11
1259.36
1260.28
1260.99
1260.59
1257.84
1259.87
1263.52
1261.99
1262.1
1258.92
1254.48
1257.43
1253.03
1255.64
1255.68
1259.65
1260.42
1261.68
1263.25
1261.58
1262.81
1260.04
1260.9
1254.68
1255.49
1253.19
1250.14
1245.71
1250.68
1245.64
1243.39
1238.51
1239.41
1237.2
1235.67
1234.04
1233.77
1236.64
1234.94
1235.79
1236.29
1233.15
1229.71
1227.98
1227.85
1230.96
1232.47
1228.13
1230.07
1231.78
1229.9
1230.28
1232.57
1232.74
1232.32
1229.99
1229.19
1227.05
1221.97
1222.91
1223.65
1221.47
1217.79
1383.67
1385.07
1385.68
1378.39
1378
1379.45
1376.63
1373.69
1371.02
1370.52
1365.49
1364.71
1366.92
1367.58
1362.98
1363.09
1364.27
1366.83
1364.89
1366.44
1365.52
1368.28
1368.58
1366.5
1366.99
1364.84
1364.66
1365.62
1365.47
1366.2
1362.9
1362.2
1359.56
1359.77
1354.44
1360.91
1363.85
1359.94
1356.9
1362.32
1363.38
1364.01
1361.97
1364.69
1358.35
1360.68
1359.59
1355.74
1363.85
1361.91
1361.92
1363.4
1362.78
1364.11
1371.95
1369.96
1370.94
1378.35
1380.7
1377.68
1373.25
1376.55
1372.39
1375.76
1373.11
1374.81
1382
1369.9
1375.3
1380.77
1383.7
1376.54
1375.71
1378.01
1377.61
1376.89
1381.92
1383.73
1382.66
1382.14
1387.21
1392.06
1390.49
1385.6
1381.46
1383.19
1381.8
1381.24
1383.72
1385.11
1384.61
1383.61
1386.76
1391.88
1391.9
1390.66
1392.91
1394.68
1393.36
1397.77
1398.68
1395.13
1394.25
1394.09
1396.32
1400.23
1401.82
1396.37
1397.9
1397.74
1401.03
1402.76
1395.71
1396.68
1394.66
1397.57
1402.11
1399.86
1397.93
1396.96
1393.57
1389.21
1388.67
1386.68
1385.59
1383.9
1383.83
1382.72
1379.17
1382.67
1380.56
1383.65
1387.22
1385.4
1386.29
1384.19
1381.56
1384.54
1384.99
1387.23
1389.04
1383.66
1381.95
1375.34
1373.28
1377.06
1374.06
1378.33
1381.66
1383.24
1382.52
1381.74
1391.43
1395.36
1392.28
1394.46
1398.81
1404.6
1398.7
1400.16
1402.58
1404.92
1408.81
1407.6
1408.44
1404.51
1396.49
1399.63
1397.05
1395.25
1394.17
1395.07
1398.81
1398.92
1394.25
1397.68
1404.04
1405.03
1401.4
1391.81
1387.31
961.187
963.67
958.627
957.71
954.78
955.676
955.482
952.249
958.493
962.05
960.982
955.112
958.817
960.452
962.791
954.944
956.405
951.494
950.666
951.312
953.98
952.807
951.057
951.142
953.225
951.396
953.202
959.501
960.949
958.518
957.759
958.11
953.188
952.98
952.679
958.348
960.064
959.282
955.791
958.585
963.673
959.516
959.405
963.517
967.677
970.561
972.105
970.97
972.023
972.532
973.944
976.421
980.087
975.236
970.708
975.28
974.653
977.646
980.91
978.771
987.185
988.4
991.616
996.209
990.996
989.127
986.137
990.86
989.472
989.482
991.163
984.246
982.575
985.856
985.648
988.143
990.413
987.802
986.926
984.954
981.565
975.981
971.354
976.047
978.111
981.598
979.571
976.075
976.352
972.385
974.681
974.152
976.335
979.525
981.994
981.139
976.793
969.458
968.122
969.447
968.699
967.916
968.544
973.097
972.114
977.449
978.136
976.126
973.259
970.066
974.847
973.705
972.42
975.068
975.214
975.23
968.895
966.169
971.305
966.188
960.001
960.649
968.041
969.128
966.444
969.037
972.556
974.83
980.676
985.14
980.194
983.634
984.56
987.995
988.644
990.695
986.737
984.767
978.102
978.531
986.312
987.889
991.424
995.422
993.512
999.727
993.503
992.955
991.729
990.909
994.038
992.003
991.487
993.889
996.899
998.149
1000.02
1005.07
1010.81
1011.96
1011.23
1008.57
1008.08
1007.12
1007.05
1010.86
1015.34
1017.1
1007.94
1006.36
1000.03
1001.74
1007.4
1013.64
1010.85
1009.34
1005.17
1008.79
1004.58
1004.86
1004.65
1259.95
1256.55
1257.05
1252.82
1248.47
1249.08
1249.25
1245.52
1244.26
1239.38
1240.73
1241.65
1240.14
1242.38
1241.54
1240.37
1241.27
1242.88
1241.03
1239.43
1240.49
1241.1
1238.04
1242.11
1237.86
1231.91
1231.66
1233.28
1228.51
1231.01
1239.81
1236.72
1246.13
1248.72
1250.77
1251.97
1254.69
1255.17
1254.83
1255.19
1252.16
1251.77
1256.31
1257.87
1260.19
1256.7
1254.94
1254.75
1255.79
1255.43
1258.7
1263.97
1270.73
1270.17
1269.39
1268.79
1263.12
1257.26
1258.41
1256.68
1255.55
1253.62
1247.61
1254.17
1258.62
1254.78
1255.7
1261.58
1259.44
1258.27
1262.56
1259.32
1255.72
1258.72
1254.49
1252.37
1246.68
1250.91
1254.44
1257.44
1268.97
1271.78
1271.56
1265.8
1263.3
1264.24
1270.7
1268.11
1269.49
1266.36
1263.18
1266.54
1263.84
1262.87
1260.06
1256.01
1256.36
1264.66
1266.46
1264.38
1267.93
1269.46
1268.85
1272.42
1268.7
1265.62
1267.1
1267.11
1264.24
1262.78
1267.01
1266.71
1268.06
1270.02
1267.37
1265
1262.81
1267.1
1266.72
1271.04
1264.44
1260.61
1263.68
1264.09
1263.07
1267.8
1268.38
1262.71
1261.31
1262.67
1259.26
1257.64
1262.83
1264.72
1263
1264.5
1262.34
1260.07
1266.18
1265.24
1270.57
1269.78
1272.59
1272.49
1277.12
1278.04
1269.43
1273.04
1275.94
1271.28
1270.02
1267.37
1267.18
1264.75
1267.57
1269.01
1271.05
1278.11
1281.59
1281.07
1280.41
1276.57
1270.7
1265.2
1265.85
1267.08
1263.28
1260.65
1260.85
1260.49
1268.77
1270.51
1266.49
1266.17
1271.31
1271.2
1270.75
1273.99
1274.21
1268.94
1269.6
1356.98
1357.91
1354.79
1353.64
1356.23
1359.57
1357.68
1357.46
1362.78
1358.59
1358.63
1356.66
1354.78
1348.88
1344.7
1345.05
1344.75
1345.49
1347.51
1342.11
1340.11
1340.21
1338.18
1336.07
1331.72
1328.78
1323.92
1319.26
1322.83
1326.64
1324.66
1322.56
1320.53
1320.08
1320.01
1319.95
1317.36
1323.21
1319.21
1319.86
1329.31
1325.98
1327.34
1327.18
1325.13
1328.9
1333.4
1330.13
1326.41
1327.55
1327.12
1330.46
1329.3
1328.55
1329.26
1326.03
1326.5
1324.24
1321.43
1322.91
1326.5
1324.04
1325.12
1327.17
1329.34
1329.54
1334.78
1333.97
1332.4
1328.32
1329.12
1333.75
1323.48
1321.34
1325.42
1321.67
1329.39
1329.24
1327.89
1321.13
1322.73
1332.3
1334.99
1337.35
1332.03
1326.79
1325.61
1320.54
1319.95
1318.7
1318.12
1319.07
1321.58
1320.3
1325.13
1325.96
1319.5
1319.96
1319.09
1321.94
1322.11
1321.42
1322.62
1328.48
1332.73
1328.85
1331.19
1328.39
1332.98
1334.23
1339.03
1333.47
1329.88
1332.52
1331.59
1330.8
1330.58
1331.68
1334.83
1335.21
1337.64
1333.53
1329.84
1325.03
1326.55
1328.23
1324.24
1323.43
1321.18
1327.36
1327.01
1323.83
1319.66
1325.15
1325.38
1323.81
1323.23
1322.17
1316.49
1313.39
1313.58
1316.39
1320.06
1324.1
1328.95
1329.86
1326.6
1328.94
1327.74
1326.87
1325.94
1321.55
1323.58
1324.1
1324.81
1329.13
1334.25
1328.27
1335.34
1334.95
1336.07
1339.51
1339.24
1337.2
1343.66
1350.53
1354.94
1357.46
1359.44
1359.73
1360.74
1361.48
1357.42
1352.22
1355.51
1353.7
1352.48
1354
1357.02
1355.55
1354.06
1327.78
1325.65
1315.33
1316.23
1318.28
1320.88
1324.88
1331.36
1336.36
1332.9
1328.68
1332.63
1329.64
1326.3
1324.84
1321.55
1317.18
1318.36
1321.53
1313.73
1311.22
1310.9
1317.57
1313.69
1315.75
1319.65
1322.09
1326.33
1326.52
1323.73
1321.66
1324.59
1324.03
1326.6
1320.39
1320.69
1318.01
1315.86
1315.75
1313.57
1309.74
1311.9
1310.68
1306.72
1310.28
1313.13
1319.35
1316.99
1315.15
1310.91
1309.68
1318.17
1318.75
1320.24
1321.43
1323.21
1327.58
1321.46
1319.19
1319.54
1323.86
1323.33
1318.16
1321.96
1319.93
1323.15
1321.74
1325.08
1323.08
1323.76
1325.91
1326.7
1324
1329.36
1327.98
1333.08
1331.57
1337.67
1333.4
1332.45
1333.88
1330.98
1327.25
1325.75
1330.13
1327.67
1327.07
1325.87
1331.03
1327.63
1331.22
1329.79
1325.9
1331.53
1333.72
1334.99
1334.28
1330.36
1330.33
1331.29
1327.85
1328.3
1326.17
1328.82
1327.62
1328.69
1325.23
1328.15
1321.7
1317.72
1318.92
1322.27
1318.45
1317.81
1319.49
1320.98
1322.43
1322.73
1320.99
1319.54
1319.69
1318.04
1315.96
1309.95
1311.84
1314.46
1314.77
1317.24
1321.37
1319.11
1313.81
1308.13
1306.49
1309.79
1307.22
1310.87
1306.47
1302.89
1301.66
1293.08
1292.34
1294.5
1301.37
1297.63
1289.13
1285.29
1279.24
1282.49
1278.71
1283.45
1284.94
1286.65
1289.46
1290.6
1290.19
1291.09
1291.92
1286.91
1286.65
1285.85
1289.82
1286.79
1285.73
1283.05
1285.42
1282.62
1281.95
1281.69
1285.12
1280.13
1279
1283.84
1286.99
1278.57
1277.87
1282.03
1280.52
1282.11
1285.88
1286.53
1285
1010.14
1008.49
1008.48
1004.87
1001.94
999.846
1001.68
1004.86
1009
1008.87
1008.54
1009.82
1008.04
1010.29
1010.47
1011.6
1010.64
1014.12
1014.75
1016.21
1018.55
1010.63
1013.4
1015.88
1020.63
1018.85
1016.45
1016.14
1016.63
1016.13
1013.53
1013.97
1010.05
1009.74
1007.35
1009.12
1008.93
1014.93
1012.75
1010.15
1014.15
1014.28
1019.51
1024.77
1019.36
1020.97
1025.8
1025.66
1025.46
1031.48
1027.56
1028.3
1032.76
1036.57
1030.49
1027.34
1028.76
1025
1030.04
1029.5
1027.27
1025.48
1024.07
1027.92
1028.93
1033.22
1034.1
1033.18
1028.4
1026.2
1029.62
1027.62
1027.11
1029.83
1028.35
1027.85
1024.76
1023.68
1027.64
1032.26
1035.45
1035.46
1035.13
1040.09
1039.46
1042.13
1044.28
1041.3
1039.08
1036.63
1036.09
1032.95
1031.12
1030.1
1034.55
1030.53
1032.9
1031.48
1025.77
1028.29
1024.53
1025.88
1021.07
1019.94
1020.08
1018.41
1021.42
1021.42
1024.69
1030.83
1031.14
1031.81
1027.69
1022.88
1019.11
1014.33
1009.3
1011.43
1009.78
1012.47
1012.12
1008.68
1012.09
1015.82
1019.48
1018.46
1016.76
1014.47
1009.64
1010.02
1011.72
1011.91
1012.79
1013.01
1011.46
1015.42
1016.12
1013.58
1011.94
1013.05
1015.5
1011.55
1009.94
1014.37
1020.26
1017.98
1016.49
1016.31
1005.98
1004.91
1005.86
1007.72
1012.41
1010.43
1012.38
1010.99
1012.63
1016.18
1011.45
1018.17
1027.98
1026.8
1032.03
1029.7
1023.77
1028.11
1027.17
1025.11
1022.95
1023.15
1025.29
1027.21
1027.6
1021.84
1020.01
1022.38
1026.39
1026.16
1024.51
1021.97
1017.28
780.479
778.538
775.079
779.487
784.248
784.026
786.434
785.702
785.672
782.512
780.515
774.027
776.47
774.844
773.444
776.336
772.297
777.87
778.615
783.645
784.145
785.444
779.396
781.812
781.441
774.579
770.631
769.408
771.547
771.718
767.889
770.076
774.533
775.475
770.522
774.954
782.354
786.362
788.219
787.92
787.103
790.769
790.287
792.948
790.675
786.094
785.678
780.958
783.601
787.052
786.813
792.626
794.312
793.477
790.94
792.611
790.136
794.961
791.54
784.366
780.684
782.509
780.51
777.91
780.277
774.89
782.811
783.865
782.154
779.697
774.644
774.016
777.628
777.237
779.832
779.56
789.568
787.844
780.671
787.845
786.023
785.511
788.865
791.049
784.639
793.497
796.627
797.617
794.908
795.797
797.824
799.569
800.651
796.607
790.373
787.542
785.177
786.882
784.829
785.626
781.97
784.218
789.653
792.33
795.043
793.808
789.659
791.509
795.034
793.064
793.566
796.814
791.44
789.809
791.552
791.812
794.015
800.188
802.572
801.614
801.808
799.77
800.181
804.55
802.125
802.276
807.963
803.984
803.661
802.064
800.017
800.355
800.903
799.689
804.194
808.89
804.317
812.624
819.465
823.459
821.756
820.838
822.298
818.506
824.896
823.479
815.954
818.87
823.508
835.447
842.634
840.782
832.207
832.264
831.819
829.162
829.51
831.832
830.022
834.989
836.439
839.809
840.843
844.662
848.277
849.584
849.859
855.305
853.479
855.433
859.044
855.111
853.543
854.735
855.745
851.761
852.591
851.898
854.293
856.968
851.5
1391.16
1389.46
1388.48
1388.7
1380.38
1380.65
1380.02
1379.38
1377.75
1377.73
1379.58
1380.24
1382.13
1384.22
1389.58
1386.91
1387.56
1384.21
1383.99
1384.39
1382.54
1380.12
1380.87
1380.56
1375.11
1374.64
1377.05
1378.19
1377.73
1383.2
1376.76
1377.43
1374.76
1380.18
1380.98
1385.04
1384.83
1388.56
1384
1382.24
1384.92
1387.28
1388.19
1386.7
1391.64
1394.45
1391.38
1390.79
1391.14
1389.47
1386.37
1387.01
1386.77
1386.14
1383.86
1383.45
1387.8
1390.2
1389.38
1389.72
1392.11
1395.18
1396.69
1400.15
1399.47
1394.07
1395.22
1398.68
1400.13
1401.98
1399.88
1399.46
1397.01
1392.6
1387.61
1386.01
1387.14
1386.96
1393.52
1397.73
1400.11
1396.99
1400.47
1401.76
1407.32
1413.21
1406.71
1413.9
1415.44
1420.05
1419.48
1413.67
1409.7
1405
1410.2
1416.85
1411.7
1410.47
1409.26
1407.96
1406.91
1407.3
1405.27
1412.05
1412.13
1409.03
1410.79
1407.69
1409.07
1406.7
1408.51
1403.58
1404.94
1402.33
1402.43
1403.15
1401.21
1405.02
1407.7
1407.4
1403.5
1402.37
1399.07
1393.78
1402.58
1406.84
1403.53
1404.58
1401.45
1406.2
1405.34
1405.64
1405.81
1404.94
1407.03
1411.87
1405.04
1404.87
1403.33
1407.55
1412.23
1413.9
1419.25
1419.42
1421.25
1417.79
1420.36
1420.07
1420.86
1419.58
1412.03
1413.3
1411.16
1414.58
1418.11
1423.9
1423.1
1424.08
1424.69
1425.19
1424.24
1423.83
1415.24
1418.13
1409.35
1410.2
1413.11
1409.81
1409.07
1410.54
1410.45
1407.83
1407.08
1405.41
1409.86
1414.96
1415.64
1414
1412.98
1413.37
1412.88
1218.82
1222.59
1219.61
1215.93
1216.5
1213.6
1208.66
1206.83
1201.84
1201.59
1203.26
1203.06
1197.41
1196.07
1191.58
1189.31
1189.85
1191.81
1189.6
1187.77
1184.89
1186.22
1191.69
1195.77
1198.39
1197.67
1198.57
1197.57
1203.32
1205.43
1198.13
1196.91
1192.34
1196.23
1193.52
1186.75
1184.91
1186.41
1183.74
1182.19
1187.94
1189.65
1191.23
1186
1182.76
1178.46
1179.46
1178.19
1176
1171.21
1172.81
1171.31
1174.69
1170.5
1167.97
1163.89
1159.49
1154.83
1153.28
1157.7
1159.23
1152.03
1149.3
1144.32
1143.97
1141.69
1140.36
1138.46
1138.75
1141.21
1143.27
1141.17
1135.6
1137.07
1138.87
1140.43
1144
1143.44
1143.3
1139.68
1136.8
1141.4
1140.2
1136.57
1131.88
1125.53
1126.48
1126.02
1123.83
1121.18
1124.27
1125.53
1126.06
1125.99
1128.26
1127.19
1124.79
1125.41
1120.9
1123.18
1121.87
1123.5
1127.72
1126.91
1129.14
1127.52
1132.48
1135.11
1136.28
1133.74
1137
1137.49
1140.18
1136.44
1134.35
1136.32
1135.95
1131.88
1127.43
1124
1125.07
1122.09
1120.45
1121.73
1121.39
1121.56
1121.29
1121.97
1117.75
1114.97
1113.4
1116.74
1112.13
1116.87
1119.23
1126.24
1128.03
1118.81
1119.43
1121.64
1121.25
1120.69
1114.32
1112.32
1109.2
1101.94
1105.58
1112.84
1114.15
1113.05
1112.18
1114.11
1110.13
1109.26
1104.83
1105.37
1109.34
1103.36
1108.25
1103.65
1102.23
1105.95
1103.91
1103.08
1105.26
1109.41
1113.05
1107.21
1107.5
1105.59
1110.46
1111.44
1112.85
1112.87
1108.34
1107.49
1103.41
1104.55
1101.24
1106.2
1106.65
1648.66
1645.03
1647.84
1648.34
1646.21
1650.61
1648.74
1649.63
1649.15
1649.03
1644.65
1643.1
1645.47
1648.04
1649.56
1652.92
1653.51
1654.92
1655
1655.92
1646.39
1647.58
1652.11
1649.6
1652.65
1657.38
1662.15
1655.51
1653.72
1656.42
1653.17
1651.49
1649.54
1643.88
1647.01
1643.45
1650.67
1649.24
1646.56
1646.49
1646.25
1646.79
1648.17
1651.27
1649.8
1650.47
1653.74
1657.68
1660.21
1660.57
1664.32
1668.55
1671.9
1662.03
1661.8
1660.01
1652.5
1654.86
1653.69
1655
1656.65
1658.46
1656.5
1657.74
1657.45
1660.81
1662.36
1665.12
1666.46
1667.31
1668.09
1668.51
1667.11
1666.2
1661.82
1664.18
1663.08
1670.31
1678.18
1680.21
1681.14
1682.88
1688.15
1684.16
1685.18
1693.01
1696.85
1701.5
1700.02
1701.05
1698.74
1697.97
1701.09
1703.21
1706.49
1707.38
1709.47
1709.42
1705.36
1708.73
1705.17
1700.38
1699.37
1698.34
1699.85
1702.52
1704.69
1702.12
1707.06
1708.05
1706.19
1701.85
1707.23
1708.51
1710.05
1709.12
1712.15
1710.62
1711.5
1704.68
1702.31
1699.62
1706.23
1712.41
1713.05
1715.93
1714.94
1706.52
1706.75
1701.39
1702.3
1703.97
1704.97
1702.57
1701.72
1701.32
1699.54
1695.92
1698.91
1696.78
1697.34
1691.31
1689.05
1692.33
1689.31
1688.35
1684.73
1680.86
1683.31
1677.33
1679.55
1678.6
1685.81
1689.71
1686.06
1686.36
1685.98
1689.41
1688.09
1688.48
1690.37
1689.43
1691.12
1693.15
1693.23
1691.06
1690.57
1692.96
1695.6
1691.31
1693.91
1696.07
1695.78
1690.83
1688.24
1686.85
1691.56
1691.3
1693.08
1692.7
1689.4