19
8
51
20
35
261
18
5
38
167
8
18
8
264
139
16
18
6
285
99
14
8
7
15
10
20
10
8
12
66
255
127
8
15
113
7
138
11
18
9
46
16
237
215
282
15
237
6
237
20
214
9
111
7
176
144
15
274
8
27
100
203
60
262
59
144
14
62
6
144
12
14
121
75
63
157
58
14
20
86
239
19
17
8
298
166
5
292
157
154
295
231
16
249
14
252
12
186
53
229
15
48
7
14
20
116
6
111
288
14
9
20
33
191
16
5
10
100
16
11
261
8
20
9
153
15
16
55
11
100
109
116
192
246
261
15
217
12
48
180
12
7
221
264
15
292
8
248
58
87
64
223
8
18
19
7
248
210
64
253
202
244
281
13
75
177
172
45
17
11
14
19
8
18
94
17
10
15
35
79
178
20
10
143
8
8
13
284
14
6
203
11
41
9
238
291
12
6
114
105
222
10
13
49
120
40
15
10
238
216
20
266
20
12
8
12
275
18
238
7
90
18
5
67
139
13
18
92
85
279
105
292
8
18
241
126
14
256
19
14
5
11
8
7
6
7
182
300
83
9
18
76
14
19
7
5
12
17
5
218
197
220
106
5
8
10
7
253
178
10
190
6
6
256
84
54
8
300
104
14
16
20
13
264
286
17
125
10
6
117
89
16
116
5
67
7
10
178
19
149
19
10
59
237
42
16
290
126
5
158
6
9
10
12
69
204
128
5
20
186
208
18
10
11
11
19
225
200
100
30
13
10
5
19
10
17
20
18
78
139
19
296
13
121
19
7
170
79
17
264
13
33
19
227
143
15
55
16
89
9
6
19
15
75
6
273
15
280
18
270
17
6
138
19
65
6
19
15
160
6
294
74
15
260
6
12
20
245
20
5
110
154
16
140
16
97
15
17
196
112
300
25
126
14
174
39
220
10
42
240
269
116
13
15
9
85
143
15
8
37
13
9
180
18
12
14
145
92
8
215
13
15
45
35
20
19
6
13
20
35
6
20
128
26
202
8
19
24
15
158
18
149
147
20
138
207
128
270
15
116
71
176
192
178
286
287
15
127
282
105
18
64
175
17
17
230
64
296
264
92
20
51
78
260
24
15
152
18
243
192
13
15
7
148
31
9
8
95
30
88
135
5
7
270
18
11
17
16
200
156
50
21
238
120
20
13
287
17
56
185
85
20
10
279
98
148
5
124
13
14
16
204
202
5
149
18
11
8
5
145
282
18
261
296
230
170
260
13
181
18
20
102
7
7
14
298
5
8
288
285
15
16
194
71
16
104
125
10
10
18
185
14
271
16
114
38
211
267
10
26
20
81
15
12
8
55
18
149
19
255
20
8
115
163
290
18
159
166
64
9
7
16
5
19
6
152
287
9
14
256
5
9
7
19
12
8
276
256
79
109
163
17
20
10
113
19
56
11
45
181
174
5
118
11
18
7
10
12
273
20
6
239
294
85
237
18
19
276
10
277
5
11
219
15
19
64
14
138
15
126
293
9
16
145
14
10
18
31
11
10
12
119
6
8
104
7
12
17
146
253
11
5
6
102
298
14
9
218
105
15
166
5
19
241
17
207
64
5
173
11
172
89
21
59
107
216
173
12
15
6
74
233
6
10
49
289
60
29
18
7
99
162
36
36
94
63
16
26
14
61
11
34
14
14
9
261
121
5
67
9
150
12
19
291
20
272
12
162
173
208
81
205
15
170
37
33
14
6
5
16
13
279
20
83
17
91
109
220
11
227
7
7
161
8
18
64
13
263
17
16
34
215
18
13
60
15
15
19
10
182
8
9
9
56
16
294
15
41
7
290
250
12
79
14
300
20
19
205
89
9
14
198
281
10
112
153
161
20
220
18
174
88
17
184
13
183
92
118
44
56
30
199
142
279
191
6
82
226
118
132
13
140
10
12
221
8
18
18
9
11
6
5
182
10
9
13
54
213
18
17
14
5
43
144
13
199
18
40
16
9
48
12
167
258
79
14
16
8
82
248
16
12
15
5
42
7
6
286
7
86
7
12
16
17
35
20
98
13
10
8
13
228
19
8
8
70
123
19
18
17
281
171
12
15
80
264
99
15
17
8
36
65
70
13
114
9
49
126
14
20
15
137
290
76
210
46
14
33
88
19
106
224
166
7
280
215
20
132
20
11
19
43
12
10
19
13
13
68
14
6
150
10
37
13
14
12
281
110
14
36
16
168
164
14
202
11
145
110
121
218
131
18
18
10
8
297
226
128
295
214
17
15
17
7
17
17
19
291
6
9
