190
138
170
183
199
162
207
169
167
199
201
192
142
170
169
150
158
164
138
214
145
151
148
139
150
154
209
201
182
184
211
153
160
201
168
140
192
169
176
169
205
161
181
149
180
208
189
198
184
149
175
141
179
182
184
201
151
160
211
204
200
182
159
154
153
190
184
175
173
142
179
191
191
204
162
214
165
186
181
205
156
177
214
148
152
174
212
190
168
140
139
139
142
194
175
175
182
201
147
163
190
204
142
174
209
144
195
182
191
141
199
211
147
176
213
166
161
214
164
173
167
142
194
177
182
209
193
180
149
167
167
155
206
154
179
137
172
207
146
205
151
156
179
192
208
165
185
165
149
181
143
142
211
176
147
146
162
150
167
197
197
161
193
212
193
143
188
203
150
144
210
199
204
152
177
151
190
145
184
215
174
192
177
172
159
186
157
180
200
142
174
179
151
145
177
207
173
201
187
214
167
155
176
166
197
203
208
185
148
146
144
151
191
182
178
173
182
193
214
194
186
196
187
137
205
184
181
145
158
202
173
157
200
161
210
143
164
163
205
164
155
146
201
210
165
164
164
184
142
200
214
206
190
177
159
207
215
184
143
162
201
143
181
139
165
182
138
174
192
197
138
166
144
153
181
207
200
181
188
183
201
202
184
207
186
172
205
185
203
176
159
147
187
172
146
206
202
192
171
180
161
150
145
146
174
171
144
167
178
207
208
172
172
168
204
207
181
195
137
207
172
139
185
137
208
201
202
138
162
180
153
152
155
212
154
162
207
186
153
201
178
152
155
191
204
152
195
158
152
204
203
156
158
161
159
170
210
155
142
199
172
176
171
209
139
194
159
180
150
196
206
201
178
207
207
185
142
177
177
191
172
191
197
174
201
151
152
184
147
174
165
149
165
144
167
192
166
199
187
139
190
215
166
207
209
197
188
141
200
149
152
145
137
167
212
204
212
157
166
180
172
195
177
181
205
205
152
186
170
157
173
206
169
201
171
153
191
164
166
204
149
164
157
157
156
138
172
210
151
198
148
167
175
144
174
159
213
159
161
185
210
137
203
188
181
145
200
139
186
210
157
166
140
186
211
185
161
171
170
144
203
172
213
158
188
141
144
160
160
200
146
201
154
170
187
150
197
208
188
201
148
185
201
198
167
164
151
208
151
140
212
151
157
200
198
171
196
205
161
186
174
184
145
160
207
178
214
164
159
200
159
211
159
151
203
194
209
212
198
175
183
168
170
163
196
208
190
148
140
179
137
165
178
158
141
212
147
158
208
207
146
181
164
202
203
189
143
147
153
195
164
183
166
205
166
178
174
170
201
200
149
187
214
139
165
148
192
182
163
196
199
188
165
145
165
212
178
214
198
215
184
159
208
147
145
146
151
184
138
210
208
198
178
208
208
158
168
176
204
211
143
140
192
144
190
192
168
159
195
143
205
179
158
183
204
189
200
215
185
205
195
152
195
165
187
202
168
193
194
166
156
168
154
184
155
212
179
152
200
199
215
202
186
141
170
211
190
185
145
163
143
175
203
196
173
145
213
142
215
195
141
171
164
191
182
153
189
155
188
153
205
182
197
204
138
179
203
192
215
142
204
145
181
177
211
143
191
184
202
157
144
177
159
185
190
139
168
139
203
152
210
161
182
182
180
167
212
201
180
144
177
181
143
144
146
153
153
140
198
176
191
197
175
177
180
160
194
174
164
215
140
149
160
138
184
213
188
180
154
212
197
211
187
211
175
211
163
149
145
141
181
149
208
166
137
189
165
164
208
152
159
151
180
210
206
202
184
200
184
193
149
162
162
203
196
156
176
165
192
167
143
174
170
180
197
164
154
195
173
157
175
183
159
172
145
163
138
170
207
171
164
148
198
180
160
179
159
170
188
150
138
180
198
142
188
162
202
213
171
215
154
187
144
148
158
138
163
193
161
154
176
138
139
192
215
159
209
180
185
142
186
213
200
137
157
147
203
154
206
207
171
194
169
208
140
180
210
173
189
139
159
166
151
137
215
199
192
174
205
163
184
189
194
160
161
149
215
208
160
213
188
159
161
194
168
153
212
202
199
208
148
208
210
172
151
194
172
187
204
197
189
163
189
161
192
208
203
190
208
201
202
141
163
195
160
185
198
140
137
138
151
204
215
158
158
195
193
179
163
208
161
213
166
149
144
201
190
155
144
176
204
175
214
180
210
182
149
192
150
192
187
204
173
165
177
143
176
195
140
141
160
212
158
172
194
165
161
202
138
212
139
185
183
141
201
157
155
203
175
210
