53
43
47
46
37
44
51
50
50
41
41
55
42
36
44
42
37
44
45
47
41
41
52
54
50
37
54
50
43
46
37
52
45
36
48
42
47
50
43
43
48
43
53
41
51
49
43
46
48
47
45
50
37
37
35
37
35
44
36
41
54
35
54
41
52
39
37
35
55
45
54
49
43
51
39
45
49
45
38
53
55
44
46
49
52
48
48
53
46
43
53
48
38
51
39
55
52
51
54
55
54
49
36
38
47
50
41
35
40
51
39
50
47
41
36
38
45
43
37
36
51
49
37
51
55
45
35
53
41
51
37
52
40
45
35
36
49
41
39
47
42
52
38
40
41
43
44
55
55
51
53
43
38
43
55
46
37
43
51
42
51
39
41
52
50
36
52
52
55
52
35
36
42
39
35
51
38
48
41
36
53
37
51
41
50
38
42
46
48
39
41
38
51
53
36
53
49
43
44
49
51
53
43
42
49
47
48
42
38
49
54
40
43
54
35
48
53
53
39
52
43
54
51
35
48
44
36
39
38
52
44
46
47
35
36
46
48
45
54
51
36
41
44
40
42
39
54
38
46
50
39
47
40
44
46
46
39
40
46
42
52
37
38
55
38
42
52
45
45
35
47
53
44
47
35
52
38
53
51
36
51
51
38
53
48
54
38
47
51
50
35
49
47
48
54
45
45
48
46
54
53
52
38
50
49
50
51
43
55
53
44
45
53
50
36
48
45
46
55
37
51
37
47
49
41
41
52
35
42
46
35
43
35
36
38
48
38
38
49
52
37
53
53
52
54
52
53
45
44
40
38
49
52
35
38
52
41
46
41
46
47
40
35
55
42
52
53
49
41
47
48
37
43
50
41
44
49
54
43
46
35
48
38
47
46
37
52
47
50
47
41
41
45
48
50
42
45
49
41
43
38
47
49
52
37
49
55
44
44
54
48
43
38
50
43
50
37
41
55
40
38
35
35
54
37
35
54
38
47
35
52
50
42
44
39
44
54
47
37
36
46
45
38
50
46
45
40
37
52
45
41
41
39
39
36
40
46
40
49
44
39
40
52
50
46
50
43
51
49
38
42
43
55
47
36
55
47
38
54
35
46
42
44
47
43
48
44
51
41
52
46
41
36
54
39
45
46
51
40
41
43
40
51
38
53
51
51
45
51
47
37
36
37
48
54
39
51
52
46
54
39
35
54
43
42
35
37
49
37
36
45
39
40
50
37
51
47
48
38
55
37
38
46
40
40
52
54
51
51
38
39
41
52
48
48
44
55
53
52
42
53
39
40
49
36
37
52
55
39
53
48
46
43
41
41
54
52
55
52
42
48
50
46
47
51
42
50
47
39
36
40
43
46
43
48
48
49
36
51
46
47
53
47
40
47
38
40
36
44
36
36
48
42
42
51
55
52
53
43
37
43
49
39
45
44
43
41
39
47
39
55
51
54
41
52
44
36
36
35
35
48
55
53
43
40
54
47
45
48
43
42
40
38
39
55
35
36
38
42
48
52
37
53
55
40
47
53
35
41
36
49
45
47
53
41
55
46
38
52
43
36
39
50
36
53
48
50
37
51
50
39
39
44
48
49
50
47
41
35
48
45
41
35
54
49
42
38
50
42
40
48
44
37
54
35
48
41
39
49
35
43
39
53
51
52
53
40
42
36
46
37
52
54
43
50
52
52
51
45
37
55
49
50
37
47
50
45
50
38
40
43
50
38
55
42
48
42
45
40
38
40
46
55
35
35
53
55
37
41
42
39
47
37
51
35
35
41
38
35
54
43
49
36
36
49
51
54
42
40
43
43
43
45
47
40
41
36
48
50
51
55
40
48
46
35
55
40
53
39
51
43
54
44
51
37
47
35
38
42
38
50
46
55
46
44
39
44
47
49
38
41
55
41
35
46
52
55
43
50
38
50
44
48
54
52
55
47
52
49
41
46
50
52
55
45
44
48
46
55
49
52
35
54
41
52
47
51
43
37
41
37
49
36
46
38
51
38
36
54
53
55
51
38
35
35
51
43
38
54
40
43
49
51
47
47
43
49
43
35
47
44
37
49
43
46
41
45
40
49
48
55
41
48
39
44
40
51
54
42
50
45
41
51
53
36
49
54
53
47
54
42
50
54
39
40
53
43
38
52
41
39
35
39
54
38
52
55
53
55
36
50
46
53
41
41
49
51
39
42
47
41
43
55
43
53
51
39
46
41
53
36
43
54
36
40
55
50
50
42
45
48
47
53
40
52
55
44
51
38
51
35
48
38
45
52
49
39
53
52
38
