5.03
4.72
5.04
5.58
5.28
5.65
4.88
5.00
5.70
5.86
5.38
5.47
4.22
5.08
5.69
5.60
5.78
5.18
5.25
4.84
5.70
4.13
5.26
5.35
5.34
5.39
5.69
5.12
5.96
4.59
4.49
4.66
5.84
4.34
4.50
4.61
4.80
4.92
4.54
4.48
5.20
5.68
4.48
5.95
5.29
5.00
4.57
4.91
4.25
5.63
4.83
5.76
4.78
5.08
4.88
5.97
4.33
4.13
5.90
4.57
5.17
5.00
5.20
4.59
4.15
4.20
5.06
4.96
4.42
5.71
4.25
5.99
5.99
5.50
5.97
6.00
5.32
4.96
4.59
5.14
5.00
4.23
4.96
5.91
5.46
5.26
4.66
4.59
5.91
5.20
4.80
4.95
4.51
4.17
4.12
4.49
4.85
4.16
5.57
4.60
4.74
4.72
4.41
4.88
4.51
4.48
4.90
4.99
4.75
4.16
4.58
4.27
4.56
5.92
5.40
4.55
4.51
4.91
4.37
4.35
5.19
5.76
5.36
5.90
5.58
5.85
4.48
5.11
6.10
4.19
4.69
6.06
4.66
5.72
4.20
6.07
4.54
5.83
4.14
4.83
4.31
4.89
4.21
5.85
4.76
5.66
5.70
5.48
4.98
5.33
4.62
5.95
4.60
5.08
4.33
5.63
4.26
4.85
4.35
4.80
5.41
4.28
4.89
4.43
5.40
5.53
5.64
6.02
5.14
4.82
4.36
6.01
5.05
4.50
5.92
5.00
4.75
4.50
5.24
5.08
4.26
4.89
4.83
5.65
5.86
4.46
4.29
4.89
4.77
5.05
4.59
5.45
5.58
4.52
4.45
5.38
4.51
6.05
5.55
4.78
4.69
4.79
6.04
5.57
4.33
5.40
4.99
4.40
5.01
5.54
5.21
4.29
6.03
4.99
5.22
5.25
6.01
5.25
5.64
5.02
5.63
5.39
4.89
4.53
4.74
5.03
5.46
5.10
5.83
4.24
5.56
5.95
4.91
5.15
5.48
5.12
5.84
5.05
5.51
4.28
5.31
5.95
4.62
4.61
4.32
4.14
4.83
4.14
5.42
4.91
4.58
5.91
5.66
5.87
5.73
5.05
4.32
6.02
5.83
4.39
5.53
4.11
4.11
4.69
4.80
5.35
4.80
4.83
5.56
6.00
4.37
4.46
4.73
4.95
4.26
6.09
5.42
5.88
5.52
5.28
5.75
4.92
5.12
6.00
6.02
5.56
4.42
5.60
5.07
5.74
5.28
4.59
6.07
4.75
4.47
5.72
4.68
4.93
5.90
5.44
5.79
5.84
5.30
4.29
5.69
5.85
4.78
5.35
5.97
4.83
5.94
5.15
5.98
4.83
5.09
4.31
4.16
4.58
5.09
4.32
5.05
4.52
5.35
5.60
4.24
4.29
4.70
5.33
4.20
5.46
4.53
4.23
5.15
5.22
4.81
4.71
5.90
5.99
4.60
5.60
4.91
4.65
5.58
5.84
4.40
4.28
4.14
4.42
5.84
4.13
4.65
4.93
5.62
4.74
5.36
5.89
5.14
5.95
5.69
5.37
4.31
4.61
4.23
5.06
4.56
5.87
4.23
4.20
4.39
4.78
5.97
4.56
5.49
6.08
4.72
4.96
4.62
4.93
5.72
4.47
5.16
4.45
4.85
4.70
5.48
4.86
4.49
4.49
4.18
5.99
5.14
5.26
5.26
6.09
4.37
4.37
5.26
4.57
5.72
4.83
5.49
5.72
4.97
4.57
5.29
4.93
4.47
5.73
5.57
4.54
5.09
5.15
4.51
4.87
4.25
4.46
4.61
5.38
5.70
4.99
5.08
5.74
5.54
5.96
4.63
5.66
4.12
5.12
4.81
5.17
4.25
4.19
4.86
4.34
5.46
4.48
4.18
6.06
4.74
4.89
5.46
4.92
5.33
5.74
4.59
5.76
4.21
4.60
4.34
4.87
5.77
5.54
5.88
5.60
4.24
6.03
5.31
5.18
4.46
4.87
5.06
4.58
5.57
5.48
5.47
4.24
5.14
5.73
4.35
5.38
4.26
4.76
5.85
5.92
5.34
6.05
4.43
4.55
4.92
5.10
5.27
5.97
5.30
4.87
4.93
5.01
5.34
5.55
5.49
4.53
4.18
5.72
4.20
4.77
4.29
5.44
5.59
5.09
5.50
4.33
4.32
5.89
4.57
5.22
5.59
5.49
5.81
4.48
5.36
5.76
5.37
5.46
5.35
5.37
4.69
4.25
4.88
4.50
5.81
4.19
4.70
5.69
5.91
4.35
4.70
4.76
5.79
4.36
4.81
4.62
5.85
4.83
4.88
5.64
6.02
5.72
4.84
5.62
5.27
5.99
5.02
4.94
5.36
4.78
5.82
5.85
4.17
5.53
4.72
5.66
5.41
5.17
5.75
4.68
6.05
5.98
5.38
4.67
4.29
4.11
6.04
4.62
5.33
4.36
5.19
5.73
5.77
5.26
5.10
4.37
6.04
6.07
5.37
4.73
5.51
5.71
5.23
4.21
5.76
5.10
5.72
5.11
4.69
5.29
4.78
5.59
4.86
4.41
5.34
5.64
4.82
4.13
5.49
4.94
4.87
4.60
4.66
4.35
5.80
4.41
5.14
5.85
4.26
4.82
4.68
4.81
5.24
4.44
5.47
5.35
5.31
5.95
5.49
4.57
5.05
4.89
5.24
4.56
4.36
6.01
6.02
5.89
5.21
5.40
4.68
5.51
5.22
5.80
5.07
4.73
4.91
5.31
5.09
4.25
5.89
4.86
5.53
5.94
4.82
4.75
5.71
4.22
4.48
5.59
5.93
4.81
4.67
5.88
5.90
5.82
4.43
5.68
5.15
4.72
4.10
4.47
4.47
4.30
4.95
4.78
4.48
5.16
4.69
5.65
4.35
5.81
4.69
5.41
4.83
5.93
5.28
5.99
4.46
5.81
4.73
4.12
5.27
5.66
4.58
5.75
4.83
5.64
4.73
4.91
4.78
4.47
4.97
5.46
5.00
5.34
4.42
4.90
5.26
5.01
5.55
4.68
5.66
4.84
4.24
4.22
5.76
5.66
4.49
5.03
5.51
5.22
5.35
4.19
6.04
6.00
4.59
5.52
5.41
4.35
4.76
5.76
5.28
4.54
6.08
6.05
5.74
4.76
5.83
4.11
4.11
4.71
4.73
5.22
5.06
5.71
5.94
5.62
5.87
5.07
5.14
4.35
6.00
5.56
5.43
5.03
5.10
5.80
5.33
5.80
4.34
4.36
5.80
4.82
5.32
5.41
4.52
5.48
5.46
4.71
5.18
4.89
6.04
5.74
4.27
5.66
5.91
4.85
4.98
4.51
4.97
5.16
4.73
5.97
4.35
6.04
5.87
4.41
5.60
6.07
4.25
4.75
5.65
4.13
4.97
5.26
5.90
4.61
4.19
4.56
4.26
5.42
4.28
4.32
4.35
4.65
5.01
5.93
4.88
4.76
4.38
4.32
5.21
6.00
5.54
5.47
4.32
5.93
5.41
4.67
5.01
4.90
5.60
4.10
4.64
4.19
5.19
4.83
4.30
4.74
5.81
5.64
5.53
5.18
4.75
6.02
4.69
5.05
4.62
5.55
5.94
5.99
4.98
5.09
5.06
4.71
4.71
5.99
4.96
4.53
4.56
4.72
5.13
5.42
4.47
5.13
5.97
5.12
5.20
5.81
4.15
5.45
4.88
4.66
6.00
4.35
6.04
4.16
4.98
5.62
5.58
5.58
4.39
5.16
5.41
5.37
5.28
5.48
4.15
4.25
4.64
5.24
5.67
6.02
6.04
5.84
4.72
4.70
5.57
5.58
5.53
5.06
5.38
5.47
5.76
5.10
5.69
5.34
5.40
5.51
5.49
6.09
5.18
4.65
4.84
4.96
4.12
4.32
4.95
5.57
4.63
4.52
5.05
5.51
4.91
4.61
4.17
5.43
5.06
5.20
4.72
4.28
4.56
6.01
4.22
4.58
5.59
6.03
5.95
4.63
5.88
5.36
4.79
5.26
5.52
4.96
5.20
4.13
5.38
5.64
5.46
5.29
5.68
4.63
5.19
4.84
4.23
5.08
4.23
4.53
5.00
4.63
5.98
5.99
4.46
4.63
5.22
5.63
4.33
6.05
5.42
4.77
4.37
5.61
5.74
5.00
5.51
4.27
4.71
5.47
5.28
5.58
4.54
6.02
5.68
5.99
5.36
4.81
5.43
4.58
5.25
4.52
4.86
4.52
5.25
5.56
5.20
5.48
5.24
4.53
4.76
5.35
6.06
4.36
5.54
4.67
5.55
4.23
4.89
5.89
5.91
5.86
5.69
4.98
4.19
4.19
5.81
5.54
5.18
5.06
6.09
4.83
4.60
5.85
5.76
5.97
