65.83
66.66
65.15
70.42
88.90
68.88
69.15
44.61
60.06
78.56
97.68
74.56
79.61
62.30
83.89
48.31
57.26
78.39
97.08
86.34
60.15
73.87
44.33
62.15
74.17
67.66
67.05
48.60
95.92
59.17
98.71
72.99
53.55
77.22
53.55
90.41
47.36
59.78
43.36
113.06
59.74
67.70
70.25
64.58
66.68
53.68
63.67
68.81
70.54
73.88
66.07
113.75
58.62
48.64
53.29
67.17
70.17
59.28
97.10
59.53
68.31
62.95
48.03
66.61
59.88
54.34
71.85
56.30
54.91
72.14
48.54
44.04
46.43
83.45
65.75
50.24
45.06
72.74
56.68
62.30
85.78
60.78
78.66
60.11
55.55
88.26
95.86
86.73
90.67
88.33
44.83
67.69
66.25
69.28
54.52
61.41
65.60
117.50
58.47
81.99
59.96
60.35
66.06
50.33
90.48
58.50
51.59
45.12
55.00
61.20
54.18
43.27
54.11
65.20
47.55
72.51
71.88
61.27
47.76
50.46
66.91
69.79
43.37
56.67
56.01
56.14
42.44
70.43
64.16
84.31
52.96
60.20
56.87
61.87
60.16
46.26
71.09
104.67
58.26
71.43
80.46
100.90
56.37
57.79
64.68
75.04
71.71
58.11
96.58
72.47
97.05
51.31
61.61
48.28
68.73
48.63
64.78
50.91
69.68
42.60
61.06
47.71
75.78
66.49
105.59
51.87
64.28
48.53
69.85
52.87
120.03
56.35
67.00
49.99
53.62
47.47
41.88
50.63
64.60
74.47
58.81
71.90
63.43
85.90
88.05
90.76
93.42
114.11
62.03
58.45
63.57
118.44
56.55
57.47
110.90
63.20
55.09
46.97
63.47
67.41
46.15
57.76
49.44
56.38
88.33
81.98
50.89
64.43
67.83
69.50
54.14
66.01
77.65
55.69
70.83
70.15
67.12
62.54
58.85
126.76
93.22
61.12
53.51
68.27
117.79
60.45
45.30
80.56
71.23
61.32
68.78
65.48
75.35
69.72
72.41
108.84
67.31
71.84
84.41
82.15
80.80
68.74
47.30
68.02
50.42
51.67
52.61
68.65
72.57
57.47
49.87
63.45
74.08
50.11
53.78
124.57
70.42
54.31
64.71
57.74
92.07
55.71
91.40
50.76
75.88
65.12
86.45
58.82
53.78
70.91
68.03
64.91
68.12
80.05
48.32
41.77
91.08
103.73
57.78
97.68
66.83
57.32
80.46
79.43
69.83
77.63
69.77
62.43
52.01
69.25
80.08
79.84
49.57
57.44
51.81
104.85
47.25
63.34
56.26
50.79
60.12
74.92
81.16
67.48
82.09
73.58
80.54
69.09
46.83
71.39
75.35
52.20
48.36
90.78
52.39
75.75
55.80
58.35
86.44
41.91
49.97
92.06
57.96
52.29
89.37
79.53
80.89
87.56
88.41
59.00
66.92
69.95
87.03
53.18
77.06
75.23
113.95
69.80
68.56
75.20
65.38
50.41
56.13
64.96
63.70
42.20
52.70
50.51
68.78
41.35
51.89
76.96
68.44
42.50
53.42
62.14
80.82
67.78
43.16
61.64
48.67
45.81
67.58
51.52
49.32
58.71
92.78
126.52
67.65
100.26
54.89
48.18
86.31
65.52
71.12
58.58
62.28
44.02
81.86
46.33
42.27
63.40
89.66
52.71
66.87
68.50
96.85
64.35
119.14
97.33
90.03
80.10
65.49
61.05
44.22
44.21
61.55
69.97
51.26
56.44
52.71
66.82
58.86
66.28
87.69
60.97
63.97
57.19
41.57
54.18
90.69
69.89
58.03
65.78
45.27
43.50
52.39
64.82
59.24
50.27
69.61
85.55
60.82
47.82
76.83
96.02
58.69
58.19
71.08
49.03
93.29
53.15
72.95
86.92
49.51
65.81
62.63
51.70
58.51
70.40
54.60
50.03
48.48
61.97
47.72
61.18
52.58
66.99
72.20
89.61
82.73
94.16
96.69
59.17
46.62
75.97
77.25
97.28
52.16
62.57
63.07
62.98
65.40
63.64
62.56
68.03
48.38
51.10
62.22
66.19
55.53
126.76
58.15
64.70
54.07
43.40
71.81
97.37
90.64
50.60
78.16
62.69
52.62
51.50
44.48
70.56
67.55
60.19
58.07
45.50
83.74
70.74
85.94
62.58
70.39
59.19
73.36
49.31
83.11
77.11
60.95
55.48
64.59
78.65
60.01
75.78
62.00
58.23
59.98
95.94
73.46
78.16
95.60
78.09
62.61
42.28
65.21
65.55
87.84
70.21
87.56
73.06
47.27
44.79
50.53
82.91
77.17
67.19
69.71
42.93
63.89
96.75
70.37
60.38
53.41
85.96
92.57
64.72
99.18
54.21
50.70
45.40
95.88
66.52
71.94
103.51
64.05
62.98
50.77
54.35
94.36
61.79
75.55
79.84
49.66
69.76
76.80
57.68
60.66
49.68
72.01
51.45
60.36
56.04
68.94
67.91
64.74
108.76
41.98
43.05
51.58
95.81
59.54
65.48
63.22
105.06
65.56
64.37
81.15
119.66
68.11
58.04
65.06
88.48
88.80
54.71
64.34
64.17
56.34
72.40
95.88
86.19
63.90
100.94
70.11
90.27
77.56
45.38
104.74
63.80
105.78
67.20
90.19
81.52
49.32
55.00
42.51
104.26
52.90
60.42
71.24
59.29
75.37
99.99
69.05
57.26
72.77
47.25
117.77
84.85
58.74
75.81
67.67
86.72
64.86
70.18
71.82
63.61
55.39
74.22
44.26
57.32
71.01
66.86
68.63
43.05
42.55
56.75
83.71
82.31
59.87
48.08
79.27
56.76
65.93
46.23
48.91
43.22
106.74
59.02
63.71
66.95
43.27
59.70
63.63
65.14
58.80
57.82
86.87
73.04
73.72
53.55
83.31
90.79
87.32
68.08
55.39
45.89
71.56
56.68
65.36
89.80
64.18
101.30
61.65
90.38
98.47
49.66
93.82
50.05
105.71
63.48
65.26
59.03
74.38
57.67
61.15
55.69
75.95
45.72
97.42
87.31
47.15
47.52
112.39
56.85
69.27
92.57
108.10
46.12
52.12
108.18
88.36
96.21
69.64
58.49
63.89
55.04
61.29
71.01
60.34
53.84
59.87
46.65
68.74
51.49
70.49
83.14
60.58
108.97
47.66
66.82
60.86
59.97
69.79
91.26
47.44
55.17
70.73
68.99
81.70
70.11
67.49
79.01
57.99
64.85
57.06
44.48
41.90
48.83
67.04
65.81
57.67
69.05
57.90
49.35
43.90
71.64
85.51
58.01
79.49
67.90
102.17
70.74
71.40
67.05
82.90
65.64
64.82
75.47
66.64
59.03
70.17
50.29
53.09
72.87
75.35
58.60
90.95
67.67
68.25
67.31
82.43
83.86
58.63
82.29
86.69
90.02
47.39
90.95
49.51
57.39
70.26
55.91
55.53
58.77
82.91
76.14
102.48
60.94
51.86
71.15
63.68
113.73
81.73
76.31
51.16
71.08
82.68
73.76
94.71
77.23
42.97
62.46
80.27
46.31
84.96
96.58
53.53
47.11
83.38
49.24
65.83
44.38
61.34
94.85
106.13
47.60
74.39
114.98
65.76
67.34
53.69
61.01
58.45
45.73
72.90
48.69
93.25
54.97
44.88
101.47
102.56
52.25
46.96
66.12
56.01
49.65
81.38
101.51
63.04
66.82
61.94
42.61
51.34
51.76
61.92
51.90
53.46
54.64
108.47
42.10
61.37
59.08
45.36
87.67
61.60
89.08
69.74
57.39
80.33
90.96
48.65
64.36
43.22
66.56
56.43
46.03
48.96
57.91
65.91
64.55
41.84
73.20
99.91
84.01
63.51
47.14
66.66
63.38
61.16
63.15
101.58
86.25
69.23
63.49
60.41
70.41
59.20
63.96
111.38
66.40
60.77
61.29
43.07
50.80
81.28
71.36
72.43
118.07
54.89
49.19
69.25
62.05
50.05
62.98
68.92
62.27
113.95
58.56
81.17
72.17
55.49
52.16
67.82
80.57
68.37
74.94
84.70
83.94
70.00
55.09
77.15
58.78
50.19
43.19
88.88
95.65
76.73
123.80
105.11
41.91
47.47
67.33
90.47
94.32
47.44
51.90
82.03
58.10
57.62
67.00
90.99
50.05
89.28
77.98
83.74
54.44
57.91
72.05
48.29
47.90
54.23
68.11
62.83
49.84
44.13
104.24
56.00
46.11
52.57
83.59
62.94
48.29
48.64
96.80
58.03
51.06
69.64
71.33
71.81
46.51
94.76
46.30
71.64
70.55
95.61
60.32
60.92
87.49
66.77
87.33
50.46
72.13
93.22
50.97
68.53
67.49
64.09
74.94
63.12
69.79
64.44
49.19
63.59
45.52
68.18
56.08
62.31
52.97
71.02
65.87
49.21
65.46
54.06
111.68
111.43
66.63
44.84
47.32
68.66
64.23
120.76
54.62
68.77
45.42
61.20
106.27
70.94
66.85
93.41
55.27
48.99
54.44
70.64
61.42
71.98
88.33
97.93
96.25
79.45
71.78
49.02
64.64
58.45
77.55
63.88
61.75
43.85
86.35
68.50
57.89
74.17
62.93
78.08
44.18
63.92
74.42
80.93
105.12
47.47
79.47
65.75
60.96
52.49
63.58
82.04
107.09
62.81
96.49
65.75
45.33
42.78
99.46
86.08
45.90
63.13
86.62
54.63
46.92
111.93
92.09
84.48
