226
211
226
221
236
211
256
179
226
231
191
231
186
256
221
194
254
201
221
206
211
186
224
226
216
241
226
164
191
164
281
231
164
261
194
206
164
194
194
206
179
211
236
181
256
209
181
211
221
201
211
206
254
239
209
241
251
164
281
164
256
241
239
226
224
239
261
224
209
231
209
194
209
251
256
179
179
216
224
241
251
196
201
211
194
221
206
251
221
206
209
181
241
241
224
241
256
251
209
251
239
211
271
239
206
179
209
224
194
241
239
179
179
211
239
246
231
181
224
239
241
196
224
239
209
179
239
236
181
251
239
241
209
196
241
224
201
206
254
201
206
236
239
179
196
201
231
209
236
231
251
209
241
179
226
179
271
164
256
194
256
209
216
241
206
224
226
239
211
239
266
239
196
239
239
239
224
194
226
246
239
246
211
221
221
251
236
236
211
239
196
266
209
209
236
256
194
194
196
211
194
239
179
179
221
221
179
211
271
196
209
196
201
224
236
206
226
226
209
236
221
211
224
256
206
196
254
236
231
226
211
196
201
226
261
206
196
231
236
221
236
211
179
211
179
224
224
226
216
194
224
226
216
194
179
221
251
164
196
179
236
209
236
224
276
196
236
164
209
266
211
241
211
221
254
224
266
221
209
251
211
209
236
261
196
216
241
196
209
181
236
231
179
194
209
221
179
211
164
209
256
261
251
196
191
216
221
211
224
231
201
194
209
206
254
201
179
209
251
224
209
281
179
179
236
201
221
266
206
179
241
211
266
239
246
201
251
241
196
261
256
239
209
241
241
239
209
179
226
209
239
231
241
254
224
241
206
226
179
181
164
194
241
224
164
209
251
221
226
206
179
224
206
211
216
179
226
239
221
194
254
181
251
179
226
241
251
211
221
206
221
221
211
211
179
209
211
181
194
179
224
226
194
241
251
226
226
179
194
209
221
211
224
211
194
209
254
211
224
179
226
251
226
239
231
281
224
209
216
224
221
194
231
221
239
226
241
179
224
251
209
179
239
196
194
196
179
256
246
191
221
221
251
209
239
186
201
236
209
211
256
211
226
196
211
196
179
209
211
271
194
236
209
211
224
209
231
281
236
254
201
196
194
179
179
221
196
256
194
224
221
221
236
226
266
209
231
194
206
201
196
194
226
261
241
261
256
194
209
191
246
246
236
231
226
239
226
256
236
221
281
276
224
194
179
236
261
196
271
254
226
281
206
196
254
221
206
226
251
194
224
239
236
196
201
236
256
226
209
209
266
181
246
201
194
196
261
239
241
209
216
239
226
194
241
226
241
236
224
209
194
206
194
196
181
221
226
226
236
191
196
209
196
221
251
179
226
181
224
261
206
191
196
236
191
221
216
239
236
211
221
241
206
206
209
209
179
266
164
256
246
194
216
206
211
239
231
224
221
266
209
201
256
236
226
221
186
241
179
276
224
209
231
211
226
194
224
239
236
251
179
209
231
209
196
209
179
194
206
179
196
181
254
224
211
241
209
239
206
186
246
254
236
236
221
211
224
224
186
224
226
236
196
266
196
221
221
224
236
179
251
241
196
239
261
194
211
239
231
194
251
236
194
179
221
194
196
236
251
194
209
206
266
221
196
194
241
179
196
201
196
194
224
209
241
179
221
281
196
281
164
241
241
224
241
221
179
179
236
196
236
221
241
216
179
256
194
224
164
239
211
196
179
256
209
164
194
201
251
179
216
226
251
251
201
226
221
211
196
246
196
194
236
209
239
231
231
239
206
211
241
211
251
266
209
236
221
266
209
236
194
194
266
224
179
224
236
216
221
211
209
186
211
221
221
201
224
216
236
246
236
216
179
226
266
209
191
251
254
239
191
194
211
224
271
191
251
254
201
266
211
196
224
181
179
239
201
194
191
239
179
251
221
224
209
226
239
194
206
281
211
196
196
194
209
209
226
224
164
209
221
209
226
209
194
221
181
221
241
179
251
281
224
196
209
196
194
209
239
179
271
196
239
216
251
236
226
254
241
226
241
226
266
266
226
241
211
281
224
196
206
226
226
226
179
194
221
216
261
221
209
209
196
181
209
196
181
196
191
194
266
201
164
239
211
221
256
261
221
221
211
164
261
194
239
179
251
221
201
266
236
194
209
256
221
251
179
224
236
194
239
271
281
209
281
231
251
209
239
261
179
209
209
211
226
164
224
266
209
194
164
191
226
179
224
251
239
194
211
261
276
209
251
239
231
236
236
181
196
221
196
221
194
231
236
209
181
241
256
231
226
181
241
194
226
179
241
209
241
209
