70.5696
70.5723
70.5750
70.5778
70.5805
70.5832
70.5860
70.5887
70.5915
70.5942
70.5969
70.5997
70.6024
70.6051
70.6079
70.6106
70.6134
70.6161
70.6188
70.6216
70.6243
70.6270
70.6298
70.6325
70.6353
70.6380
70.6407
70.6435
70.6462
70.6490
70.6517
70.6544
70.6572
70.6599
70.6626
70.6654
70.6681
70.6709
70.6736
70.6763
70.6791
70.6818
70.6845
70.6873
70.6900
70.6928
70.6955
70.6982
70.7010
70.7037
70.7064
70.7092
70.7119
70.7147
70.7174
70.7201
70.7229
70.7256
70.7284
70.7311
70.7338
70.7366
70.7393
70.7420
70.7448
70.7475
70.7503
70.7530
70.7557
70.7585
70.7612
70.7639
70.7667
70.7694
70.7722
70.7749
70.7776
70.7804
70.7831
70.7858
70.7886
70.7913
70.7941
70.7968
70.7995
70.8023
70.8050
70.8078
70.8105
70.8132
70.8160
70.8187
70.8214
70.8242
70.8269
70.8297
70.8324
70.8351
70.8379
70.8406
70.8433
70.8461
70.8488
70.8516
70.8543
70.8570
70.8598
70.8625
70.8652
70.8680
70.8707
70.8735
70.8762
70.8789
70.8817
70.8844
70.8872
70.8899
70.8926
70.8954
70.8981
70.9008
70.9036
70.9063
70.9091
70.9118
70.9145
70.9173
70.9200
70.9227
70.9255
70.9282
70.9310
70.9337
70.9364
70.9392
70.9419
70.9446
70.9474
70.9501
70.9529
70.9556
70.9583
70.9611
70.9638
70.9665
70.9693
70.9720
70.9748
70.9775
70.9802
70.9830
70.9857
70.9885
70.9912
70.9939
70.9967
70.9994
71.0021
71.0049
71.0076
71.0104
71.0131
71.0158
71.0186
71.0213
71.0240
71.0268
71.0295
71.0323
71.0350
71.0377
71.0405
71.0432
71.0459
71.0487
71.0514
71.0542
71.0569
71.0596
71.0624
59.3852
59.3879
59.3907
59.3934
59.3962
59.3989
59.4016
59.4044
59.4071
59.4098
59.4126
59.4153
59.4181
59.4208
59.4235
59.4263
59.4290
59.4317
59.4345
59.4372
59.4400
59.4427
59.4454
59.4482
59.4509
59.4537
59.4564
59.4591
59.4619
59.4646
59.4673
59.4701
59.4728
59.4756
59.4783
59.4810
59.4838
59.4865
59.4892
59.4920
59.4947
59.4975
59.5002
59.5029
59.5057
59.5084
59.5111
59.5139
59.5166
59.5194
59.5221
59.5248
59.5276
59.5303
59.5330
59.5358
59.5385
59.5413
59.5440
59.5467
59.5495
59.5522
59.5550
59.5577
59.5604
59.5632
59.5659
59.5686
59.5714
59.5741
59.5769
59.5796
59.5823
59.5851
59.5878
59.5905
59.5933
59.5960
59.5988
59.6015
59.6042
59.6070
59.6097
59.6124
59.6152
59.6179
59.6207
59.6234
59.6261
59.6289
59.6316
59.6344
59.6371
59.6398
59.6426
59.6453
59.6480
59.6508
59.6535
59.6563
59.6590
59.6617
59.6645
59.6672
59.6699
59.6727
59.6754
59.6782
59.6809
59.6836
59.6864
59.6891
59.6918
59.6946
59.6973
59.7001
59.7028
59.7055
59.7083
59.7110
59.7138
59.7165
59.7192
59.7220
59.7247
59.7274
59.7302
59.7329
59.7357
59.7384
59.7411
59.7439
59.7466
59.7493
59.7521
59.7548
59.7576
59.7603
59.7630
59.7658
59.7685
59.7712
59.7740
59.7767
59.7795
59.7822
59.7849
59.7877
59.7904
59.7932
59.7959
59.7986
59.8014
59.8041
59.8068
59.8096
59.8123
59.8151
59.8178
59.8205
59.8233
59.8260
59.8287
59.8315
59.8342
59.8370
59.8397
59.8424
59.8452
59.8479
59.8506
59.8534
59.8561
59.8589
59.8616
59.8643
59.8671
59.8698
59.8726
59.8753
59.8780
59.5796
59.5823
59.5851
59.5878
59.5905
59.5933
59.5960
59.5988
59.6015
59.6042
59.6070
59.6097
59.6124
59.6152
59.6179
59.6207
59.6234
59.6261
59.6289
59.6316
59.6344
59.6371
59.6398
59.6426
59.6453
59.6480
59.6508
59.6535
59.6563
59.6590
59.6617
59.6645
59.6672
59.6699
59.6727
59.6754
59.6782
59.6809
59.6836
59.6864
59.6891
59.6918
59.6946
59.6973
59.7001
59.7028
59.7055
59.7083
59.7110
59.7138
59.7165
59.7192
59.7220
59.7247
59.7274
59.7302
59.7329
59.7357
59.7384
59.7411
59.7439
59.7466
59.7493
59.7521
59.7548
59.7576
59.7603
59.7630
59.7658
59.7685
59.7712
59.7740
59.7767
59.7795
59.7822
59.7849
59.7877
59.7904
59.7932
59.7959
59.7986
59.8014
59.8041
59.8068
59.8096
59.8123
59.8151
59.8178
59.8205
59.8233
59.8260
59.8287
59.8315
59.8342
59.8370
59.8397
59.8424
59.8452
59.8479
59.8506
59.8534
59.8561
59.8589
59.8616
59.8643
59.8671
59.8698
59.8726
59.8753
59.8780
59.8808
59.8835
59.8862
59.8890
59.8917
59.8945
59.8972
59.8999
59.9027
59.9054
59.9081
59.9109
59.9136
59.9164
59.9191
59.9218
59.9246
59.9273
59.9300
59.9328
59.9355
59.9383
59.9410
59.9437
59.9465
59.9492
59.9519
59.9547
59.9574
59.9602
59.9629
59.9656
59.9684
59.9711
59.9739
59.9766
59.9793
59.9821
59.9848
59.9875
59.9903
59.9930
59.9958
59.9985
60.0012
60.0040
60.0067
60.0094
60.0122
60.0149
60.0177
60.0204
60.0231
60.0259
60.0286
60.0313
60.0341
60.0368
60.0396
60.0423
60.0450
60.0478
60.0505
60.0533
60.0560
60.0587
60.0615
60.0642
60.0669
60.0697
60.0724
51.6095
51.6123
51.6150
51.6178
51.6205
51.6232
51.6260
51.6287
51.6315
51.6342
51.6369
51.6397
51.6424
51.6451
51.6479
51.6506
51.6534
51.6561
51.6588
51.6616
51.6643
51.6670
51.6698
51.6725
51.6753
51.6780
51.6807
51.6835
51.6862
51.6889
51.6917
51.6944
51.6972
51.6999
51.7026
51.7054
51.7081
51.7108
51.7136
51.7163
51.7191
51.7218
51.7245
51.7273
51.7300
51.7328
51.7355
51.7382
51.7410
51.7437
51.7464
51.7492
51.7519
51.7547
51.7574
51.7601
51.7629
51.7656
51.7683
51.7711
51.7738
51.7766
51.7793
51.7820
51.7848
51.7875
51.7902
51.7930
51.7957
51.7985
51.8012
51.8039
51.8067
51.8094
51.8122
51.8149
51.8176
51.8204
51.8231
51.8258
51.8286
51.8313
51.8341
51.8368
51.8395
51.8423
51.8450
51.8477
51.8505
51.8532
51.8560
51.8587
51.8614
51.8642
51.8669
51.8696
51.8724
51.8751
51.8779
51.8806
51.8833
51.8861
51.8888
51.8916
51.8943
51.8970
51.8998
51.9025
51.9052
51.9080
51.9107
51.9135
51.9162
51.9189
51.9217
51.9244
51.9271
51.9299
51.9326
51.9354
51.9381
51.9408
51.9436
51.9463
51.9490
51.9518
51.9545
51.9573
51.9600
51.9627
51.9655
51.9682
51.9710
51.9737
51.9764
51.9792
51.9819
51.9846
51.9874
51.9901
51.9929
51.9956
51.9983
52.0011
52.0038
52.0065
52.0093
52.0120
52.0148
52.0175
52.0202
52.0230
52.0257
52.0284
52.0312
52.0339
52.0367
52.0394
52.0421
52.0449
52.0476
52.0504
52.0531
52.0558
52.0586
52.0613
52.0640
52.0668
52.0695
52.0723
52.0750
52.0777
52.0805
52.0832
52.0859
52.0887
52.0914
52.0942
52.0969
52.0996
52.1024
58.5392
58.5419
58.5447
58.5474
58.5501
58.5529
58.5556
58.5584
58.5611
58.5638
58.5666
58.5693
58.5720
58.5748
58.5775
58.5803
58.5830
58.5857
58.5885
58.5912
58.5939
58.5967
58.5994
58.6022
58.6049
58.6076
58.6104
58.6131
58.6159
58.6186
58.6213
58.6241
58.6268
58.6295
58.6323
58.6350
58.6378
58.6405
58.6432
58.6460
58.6487
58.6514
58.6542
58.6569
58.6597
58.6624
58.6651
58.6679
58.6706
58.6733
58.6761
58.6788
58.6816
58.6843
58.6870
58.6898
58.6925
58.6953
58.6980
58.7007
58.7035
58.7062
58.7089
58.7117
58.7144
58.7172
58.7199
58.7226
58.7254
58.7281
58.7308
58.7336
58.7363
58.7391
58.7418
58.7445
58.7473
58.7500
58.7527
58.7555
58.7582
58.7610
58.7637
58.7664
58.7692
58.7719
58.7746
58.7774
58.7801
58.7829
58.7856
58.7883
58.7911
58.7938
58.7966
58.7993
58.8020
58.8048
58.8075
58.8102
58.8130
58.8157
58.8185
58.8212
58.8239
58.8267
58.8294
58.8321
58.8349
58.8376
58.8404
58.8431
58.8458
58.8486
58.8513
58.8540
58.8568
58.8595
58.8623
58.8650
58.8677
58.8705
58.8732
58.8760
58.8787
58.8814
58.8842
58.8869
58.8896
58.8924
58.8951
58.8979
58.9006
58.9033
58.9061
58.9088
58.9115
58.9143
58.9170
58.9198
58.9225
58.9252
58.9280
58.9307
58.9334
58.9362
58.9389
58.9417
58.9444
58.9471
58.9499
58.9526
58.9554
58.9581
58.9608
58.9636
58.9663
58.9690
58.9718
58.9745
58.9773
58.9800
58.9827
58.9855
58.9882
58.9909
58.9937
58.9964
58.9992
59.0019
59.0046
59.0074
59.0101
59.0128
59.0156
59.0183
59.0211
59.0238
59.0265
59.0293
59.0320
48.6170
48.6198
48.6225
48.6252
48.6280
48.6307
48.6334
48.6362
48.6389
48.6417
48.6444
48.6471
48.6499
48.6526
48.6553
48.6581
48.6608
48.6636
48.6663
48.6690
48.6718
48.6745
48.6772
48.6800
48.6827
48.6855
48.6882
48.6909
48.6937
48.6964
48.6992
48.7019
48.7046
48.7074
48.7101
48.7128
48.7156
48.7183
48.7211
48.7238
48.7265
48.7293
48.7320
48.7347
48.7375
48.7402
48.7430
48.7457
48.7484
48.7512
48.7539
48.7566
48.7594
48.7621
48.7649
48.7676
48.7703
48.7731
48.7758
48.7786
48.7813
48.7840
48.7868
48.7895
48.7922
48.7950
48.7977
48.8005
48.8032
48.8059
48.8087
48.8114
48.8141
48.8169
48.8196
48.8224
48.8251
48.8278
48.8306
48.8333
48.8360
48.8388
48.8415
48.8443
48.8470
48.8497
48.8525
48.8552
48.8580
48.8607
48.8634
48.8662
48.8689
48.8716
48.8744
48.8771
48.8799
48.8826
48.8853
48.8881
48.8908
48.8935
48.8963
48.8990
48.9018
48.9045
48.9072
48.9100
48.9127
48.9154
48.9182
48.9209
48.9237
48.9264
48.9291
48.9319
48.9346
48.9373
48.9401
48.9428
48.9456
48.9483
48.9510
48.9538
48.9565
48.9593
48.9620
48.9647
48.9675
48.9702
48.9729
48.9757
48.9784
48.9812
48.9839
48.9866
48.9894
48.9921
48.9948
48.9976
49.0003
49.0031
49.0058
49.0085
49.0113
49.0140
49.0167
49.0195
49.0222
49.0250
49.0277
49.0304
49.0332
49.0359
49.0387
49.0414
49.0441
49.0469
49.0496
49.0523
49.0551
49.0578
49.0606
49.0633
49.0660
49.0688
49.0715
49.0742
49.0770
49.0797
49.0825
49.0852
49.0879
49.0907
49.0934
49.0961
49.0989
49.1016
49.1044
49.1071
49.1098
63.8316
63.8343
63.8370
63.8398
63.8425
63.8453
63.8480
63.8507
63.8535
63.8562
63.8589
63.8617
63.8644
63.8672
63.8699
63.8726
63.8754
63.8781
63.8808
63.8836
63.8863
63.8891
63.8918
63.8945
63.8973
63.9000
63.9027
63.9055
63.9082
63.9110
63.9137
63.9164
63.9192
63.9219
63.9247
63.9274
63.9301
63.9329
63.9356
63.9383
63.9411
63.9438
63.9466
63.9493
63.9520
63.9548
63.9575
63.9602
63.9630
63.9657
63.9685
63.9712
63.9739
63.9767
63.9794
63.9821
63.9849
63.9876
63.9904
63.9931
63.9958
63.9986
64.0013
64.0041
64.0068
64.0095
64.0123
64.0150
64.0177
64.0205
64.0232
64.0260
64.0287
64.0314
64.0342
64.0369
64.0396
64.0424
64.0451
64.0479
64.0506
64.0533
64.0561
64.0588
64.0615
64.0643
64.0670
64.0698
64.0725
64.0752
64.0780
64.0807
64.0835
64.0862
64.0889
64.0917
64.0944
64.0971
64.0999
64.1026
64.1054
64.1081
64.1108
64.1136
64.1163
64.1190
64.1218
64.1245
64.1273
64.1300
64.1327
64.1355
64.1382
64.1409
64.1437
64.1464
64.1492
64.1519
64.1546
64.1574
64.1601
64.1629
64.1656
64.1683
64.1711
64.1738
64.1765
64.1793
64.1820
64.1848
64.1875
64.1902
64.1930
64.1957
64.1984
64.2012
64.2039
64.2067
64.2094
64.2121
64.2149
64.2176
64.2203
64.2231
64.2258
64.2286
64.2313
64.2340
64.2368
64.2395
64.2423
64.2450
64.2477
64.2505
64.2532
64.2559
64.2587
64.2614
64.2642
64.2669
64.2696
64.2724
64.2751
64.2778
64.2806
64.2833
64.2861
64.2888
64.2915
64.2943
64.2970
64.2997
64.3025
64.3052
64.3080
64.3107
64.3134
64.3162
64.3189
64.3216
64.3244
51.3303
51.3330
51.3358
51.3385
51.3412
51.3440
51.3467
51.3494
51.3522
51.3549
51.3577
51.3604
51.3631
51.3659
51.3686
51.3713
51.3741
51.3768
51.3796
51.3823
51.3850
51.3878
51.3905
51.3933
51.3960
51.3987
51.4015
51.4042
51.4069
51.4097
51.4124
51.4152
51.4179
51.4206
51.4234
51.4261
51.4288
51.4316
51.4343
51.4371
51.4398
51.4425
51.4453
51.4480
51.4507
51.4535
51.4562
51.4590
51.4617
51.4644
51.4672
51.4699
51.4727
51.4754
51.4781
51.4809
51.4836
51.4863
51.4891
51.4918
51.4946
51.4973
51.5000
51.5028
51.5055
51.5082
51.5110
51.5137
51.5165
51.5192
51.5219
51.5247
51.5274
51.5301
51.5329
51.5356
51.5384
51.5411
51.5438
51.5466
51.5493
51.5521
51.5548
51.5575
51.5603
51.5630
51.5657
51.5685
51.5712
51.5740
51.5767
51.5794
51.5822
51.5849
51.5876
51.5904
51.5931
51.5959
51.5986
51.6013
51.6041
51.6068
51.6095
51.6123
51.6150
51.6178
51.6205
51.6232
51.6260
51.6287
51.6315
51.6342
51.6369
51.6397
51.6424
51.6451
51.6479
51.6506
51.6534
51.6561
51.6588
51.6616
51.6643
51.6670
51.6698
51.6725
51.6753
51.6780
51.6807
51.6835
51.6862
51.6889
51.6917
51.6944
51.6972
51.6999
51.7026
51.7054
51.7081
51.7108
51.7136
51.7163
51.7191
51.7218
51.7245
51.7273
51.7300
51.7328
51.7355
51.7382
51.7410
51.7437
51.7464
51.7492
51.7519
51.7547
51.7574
51.7601
51.7629
51.7656
51.7683
51.7711
51.7738
51.7766
51.7793
51.7820
51.7848
51.7875
51.7902
51.7930
51.7957
51.7985
51.8012
51.8039
51.8067
51.8094
51.8122
51.8149
51.8176
51.8204
51.8231
58.5693
58.5720
58.5748
58.5775
58.5803
58.5830
58.5857
58.5885
58.5912
58.5939
58.5967
58.5994
58.6022
58.6049
58.6076
58.6104
58.6131
58.6159
58.6186
58.6213
58.6241
58.6268
58.6295
58.6323
58.6350
58.6378
58.6405
58.6432
58.6460
58.6487
58.6514
58.6542
58.6569
58.6597
58.6624
58.6651
58.6679
58.6706
58.6733
58.6761
58.6788
58.6816
58.6843
58.6870
58.6898
58.6925
58.6953
58.6980
58.7007
58.7035
58.7062
58.7089
58.7117
58.7144
58.7172
58.7199
58.7226
58.7254
58.7281
58.7308
58.7336
58.7363
58.7391
58.7418
58.7445
58.7473
58.7500
58.7527
58.7555
58.7582
58.7610
58.7637
58.7664
58.7692
58.7719
58.7746
58.7774
58.7801
58.7829
58.7856
58.7883
58.7911
58.7938
58.7966
58.7993
58.8020
58.8048
58.8075
58.8102
58.8130
58.8157
58.8185
58.8212
58.8239
58.8267
58.8294
58.8321
58.8349
58.8376
58.8404
58.8431
58.8458
58.8486
58.8513
58.8540
58.8568
58.8595
58.8623
58.8650
58.8677
58.8705
58.8732
58.8760
58.8787
58.8814
58.8842
58.8869
58.8896
58.8924
58.8951
58.8979
58.9006
58.9033
58.9061
58.9088
58.9115
58.9143
58.9170
58.9198
58.9225
58.9252
58.9280
58.9307
58.9334
58.9362
58.9389
58.9417
58.9444
58.9471
58.9499
58.9526
58.9554
58.9581
58.9608
58.9636
58.9663
58.9690
58.9718
58.9745
58.9773
58.9800
58.9827
58.9855
58.9882
58.9909
58.9937
58.9964
58.9992
59.0019
59.0046
59.0074
59.0101
59.0128
59.0156
59.0183
59.0211
59.0238
59.0265
59.0293
59.0320
59.0348
59.0375
59.0402
59.0430
59.0457
59.0484
59.0512
59.0539
59.0567
59.0594
59.0621
46.6129
46.6156
46.6183
46.6211
46.6238
46.6266
46.6293
46.6320
46.6348
46.6375
46.6402
46.6430
46.6457
46.6485
46.6512
46.6539
46.6567
46.6594
46.6621
46.6649
46.6676
46.6704
46.6731
46.6758
46.6786
46.6813
46.6841
46.6868
46.6895
46.6923
46.6950
46.6977
46.7005
46.7032
46.7060
46.7087
46.7114
46.7142
46.7169
46.7196
46.7224
46.7251
46.7279
46.7306
46.7333
46.7361
46.7388
46.7415
46.7443
46.7470
46.7498
46.7525
46.7552
46.7580
46.7607
46.7635
46.7662
46.7689
46.7717
46.7744
46.7771
46.7799
46.7826
46.7854
46.7881
46.7908
46.7936
46.7963
46.7990
46.8018
46.8045
46.8073
46.8100
46.8127
46.8155
46.8182
46.8209
46.8237
46.8264
46.8292
46.8319
46.8346
46.8374
46.8401
46.8429
46.8456
46.8483
46.8511
46.8538
46.8565
46.8593
46.8620
46.8648
46.8675
46.8702
46.8730
46.8757
46.8784
46.8812
46.8839
46.8867
46.8894
46.8921
46.8949
46.8976
46.9003
46.9031
46.9058
46.9086
46.9113
46.9140
46.9168
46.9195
46.9223
46.9250
46.9277
46.9305
46.9332
46.9359
46.9387
46.9414
46.9442
46.9469
46.9496
46.9524
46.9551
46.9578
46.9606
46.9633
46.9661
46.9688
46.9715
46.9743
46.9770
46.9797
46.9825
46.9852
46.9880
46.9907
46.9934
46.9962
46.9989
47.0016
47.0044
47.0071
47.0099
47.0126
47.0153
47.0181
47.0208
47.0236
47.0263
47.0290
47.0318
47.0345
47.0372
47.0400
47.0427
47.0455
47.0482
47.0509
47.0537
47.0564
47.0591
47.0619
47.0646
47.0674
47.0701
47.0728
47.0756
47.0783
47.0810
47.0838
47.0865
47.0893
47.0920
47.0947
47.0975
47.1002
47.1030
47.1057
37.5340
37.5367
37.5394
37.5422
37.5449
37.5477
37.5504
37.5531
37.5559
37.5586
37.5613
37.5641
37.5668
37.5696
37.5723
37.5750
37.5778
37.5805
37.5832
37.5860
37.5887
37.5915
37.5942
37.5969
37.5997
37.6024
37.6052
37.6079
37.6106
37.6134
37.6161
37.6188
37.6216
37.6243
37.6271
37.6298
37.6325
37.6353
37.6380
37.6407
37.6435
37.6462
37.6490
37.6517
37.6544
37.6572
37.6599
37.6626
37.6654
37.6681
37.6709
37.6736
37.6763
37.6791
37.6818
37.6846
37.6873
37.6900
37.6928
37.6955
37.6982
37.7010
37.7037
37.7065
37.7092
37.7119
37.7147
37.7174
37.7201
37.7229
37.7256
37.7284
37.7311
37.7338
37.7366
37.7393
37.7420
37.7448
37.7475
37.7503
37.7530
37.7557
37.7585
37.7612
37.7640
37.7667
37.7694
37.7722
37.7749
37.7776
37.7804
37.7831
37.7859
37.7886
37.7913
37.7941
37.7968
37.7995
37.8023
37.8050
37.8078
37.8105
37.8132
37.8160
37.8187
37.8214
37.8242
37.8269
37.8297
37.8324
37.8351
37.8379
37.8406
37.8434
37.8461
37.8488
37.8516
37.8543
37.8570
37.8598
37.8625
37.8653
37.8680
37.8707
37.8735
37.8762
37.8789
37.8817
37.8844
37.8872
37.8899
37.8926
37.8954
37.8981
37.9008
37.9036
37.9063
37.9091
37.9118
37.9145
37.9173
37.9200
37.9227
37.9255
37.9282
37.9310
37.9337
37.9364
37.9392
37.9419
37.9447
37.9474
37.9501
37.9529
37.9556
37.9583
37.9611
37.9638
37.9666
37.9693
37.9720
37.9748
37.9775
37.9802
37.9830
37.9857
37.9885
37.9912
37.9939
37.9967
37.9994
38.0021
38.0049
38.0076
38.0104
38.0131
38.0158
38.0186
38.0213
38.0241
38.0268
43.2836
43.2863
43.2890
43.2918
43.2945
43.2973
43.3000
43.3027
43.3055
43.3082
43.3110
43.3137
43.3164
43.3192
43.3219
43.3246
43.3274
43.3301
43.3329
43.3356
43.3383
43.3411
43.3438
43.3465
43.3493
43.3520
43.3548
43.3575
43.3602
43.3630
43.3657
43.3684
43.3712
43.3739
43.3767
43.3794
43.3821
43.3849
43.3876
43.3904
43.3931
43.3958
43.3986
43.4013
43.4040
43.4068
43.4095
43.4123
43.4150
43.4177
43.4205
43.4232
43.4259
43.4287
43.4314
43.4342
43.4369
43.4396
43.4424
43.4451
43.4478
43.4506
43.4533
43.4561
43.4588
43.4615
43.4643
43.4670
43.4697
43.4725
43.4752
43.4780
43.4807
43.4834
43.4862
43.4889
43.4917
43.4944
43.4971
43.4999
43.5026
43.5053
43.5081
43.5108
43.5136
43.5163
43.5190
43.5218
43.5245
43.5272
43.5300
43.5327
43.5355
43.5382
43.5409
43.5437
43.5464
43.5491
43.5519
43.5546
43.5574
43.5601
43.5628
43.5656
43.5683
43.5711
43.5738
43.5765
43.5793
43.5820
43.5847
43.5875
43.5902
43.5930
43.5957
43.5984
43.6012
43.6039
43.6066
43.6094
43.6121
43.6149
43.6176
43.6203
43.6231
43.6258
43.6285
43.6313
43.6340
43.6368
43.6395
43.6422
43.6450
43.6477
43.6505
43.6532
43.6559
43.6587
43.6614
43.6641
43.6669
43.6696
43.6724
43.6751
43.6778
43.6806
43.6833
43.6860
43.6888
43.6915
43.6943
43.6970
43.6997
43.7025
43.7052
43.7079
43.7107
43.7134
43.7162
43.7189
43.7216
43.7244
43.7271
43.7299
43.7326
43.7353
43.7381
43.7408
43.7435
43.7463
43.7490
43.7518
43.7545
43.7572
43.7600
43.7627
43.7654
43.7682
43.7709
43.7737
43.7764
58.2983
58.3010
58.3037
58.3065
58.3092
58.3119
58.3147
58.3174
58.3202
58.3229
58.3256
58.3284
58.3311
58.3338
58.3366
58.3393
58.3421
58.3448
58.3475
58.3503
58.3530
58.3557
58.3585
58.3612
58.3640
58.3667
58.3694
58.3722
58.3749
58.3777
58.3804
58.3831
58.3859
58.3886
58.3913
58.3941
58.3968
58.3996
58.4023
58.4050
58.4078
58.4105
58.4132
58.4160
58.4187
58.4215
58.4242
58.4269
58.4297
58.4324
58.4351
58.4379
58.4406
58.4434
58.4461
58.4488
58.4516
58.4543
58.4571
58.4598
58.4625
58.4653
58.4680
58.4707
58.4735
58.4762
58.4790
58.4817
58.4844
58.4872
58.4899
58.4926
58.4954
58.4981
58.5009
58.5036
58.5063
58.5091
58.5118
58.5145
58.5173
58.5200
58.5228
58.5255
58.5282
58.5310
58.5337
58.5365
58.5392
58.5419
58.5447
58.5474
58.5501
58.5529
58.5556
58.5584
58.5611
58.5638
58.5666
58.5693
58.5720
58.5748
58.5775
58.5803
58.5830
58.5857
58.5885
58.5912
58.5939
58.5967
58.5994
58.6022
58.6049
58.6076
58.6104
58.6131
58.6159
58.6186
58.6213
58.6241
58.6268
58.6295
58.6323
58.6350
58.6378
58.6405
58.6432
58.6460
58.6487
58.6514
58.6542
58.6569
58.6597
58.6624
58.6651
58.6679
58.6706
58.6733
58.6761
58.6788
58.6816
58.6843
58.6870
58.6898
58.6925
58.6953
58.6980
58.7007
58.7035
58.7062
58.7089
58.7117
58.7144
58.7172
58.7199
58.7226
58.7254
58.7281
58.7308
58.7336
58.7363
58.7391
58.7418
58.7445
58.7473
58.7500
58.7527
58.7555
58.7582
58.7610
58.7637
58.7664
58.7692
58.7719
58.7746
58.7774
58.7801
58.7829
58.7856
58.7883
58.7911
42.4321
42.4348
42.4376
42.4403
42.4430
42.4458
42.4485
42.4512
42.4540
42.4567
42.4595
42.4622
42.4649
42.4677
42.4704
42.4732
42.4759
42.4786
42.4814
42.4841
42.4868
42.4896
42.4923
42.4951
42.4978
42.5005
42.5033
42.5060
42.5087
42.5115
42.5142
42.5170
42.5197
42.5224
42.5252
42.5279
42.5306
42.5334
42.5361
42.5389
42.5416
42.5443
42.5471
42.5498
42.5526
42.5553
42.5580
42.5608
42.5635
42.5662
42.5690
42.5717
42.5745
42.5772
42.5799
42.5827
42.5854
42.5881
42.5909
42.5936
42.5964
42.5991
42.6018
42.6046
42.6073
42.6100
42.6128
42.6155
42.6183
42.6210
42.6237
42.6265
42.6292
42.6320
42.6347
42.6374
42.6402
42.6429
42.6456
42.6484
42.6511
42.6539
42.6566
42.6593
42.6621
42.6648
42.6675
42.6703
42.6730
42.6758
42.6785
42.6812
42.6840
42.6867
42.6894
42.6922
42.6949
42.6977
42.7004
42.7031
42.7059
42.7086
42.7113
42.7141
42.7168
42.7196
42.7223
42.7250
42.7278
42.7305
42.7333
42.7360
42.7387
42.7415
42.7442
42.7469
42.7497
42.7524
42.7552
42.7579
42.7606
42.7634
42.7661
42.7688
42.7716
42.7743
42.7771
42.7798
42.7825
42.7853
42.7880
42.7907
42.7935
42.7962
42.7990
42.8017
42.8044
42.8072
42.8099
42.8127
42.8154
42.8181
42.8209
42.8236
42.8263
42.8291
42.8318
42.8346
42.8373
42.8400
42.8428
42.8455
42.8482
42.8510
42.8537
42.8565
42.8592
42.8619
42.8647
42.8674
42.8701
42.8729
42.8756
42.8784
42.8811
42.8838
42.8866
42.8893
42.8921
42.8948
42.8975
42.9003
42.9030
42.9057
42.9085
42.9112
42.9140
42.9167
42.9194
42.9222
42.9249
44.4855
44.4883
44.4910
44.4937
44.4965
44.4992
44.5019
44.5047
44.5074
44.5102
44.5129
44.5156
44.5184
44.5211
44.5238
44.5266
44.5293
44.5321
44.5348
44.5375
44.5403
44.5430
44.5457
44.5485
44.5512
44.5540
44.5567
44.5594
44.5622
44.5649
44.5677
44.5704
44.5731
44.5759
44.5786
44.5813
44.5841
44.5868
44.5896
44.5923
44.5950
44.5978
44.6005
44.6032
44.6060
44.6087
44.6115
44.6142
44.6169
44.6197
44.6224
44.6251
44.6279
44.6306
44.6334
44.6361
44.6388
44.6416
44.6443
44.6470
44.6498
44.6525
44.6553
44.6580
44.6607
44.6635
44.6662
44.6690
44.6717
44.6744
44.6772
44.6799
44.6826
44.6854
44.6881
44.6909
44.6936
44.6963
44.6991
44.7018
44.7045
44.7073
44.7100
44.7128
44.7155
44.7182
44.7210
44.7237
44.7264
44.7292
44.7319
44.7347
44.7374
44.7401
44.7429
44.7456
44.7484
44.7511
44.7538
44.7566
44.7593
44.7620
44.7648
44.7675
44.7703
44.7730
44.7757
44.7785
44.7812
44.7839
44.7867
44.7894
44.7922
44.7949
44.7976
44.8004
44.8031
44.8058
44.8086
44.8113
44.8141
44.8168
44.8195
44.8223
44.8250
44.8278
44.8305
44.8332
44.8360
44.8387
44.8414
44.8442
44.8469
44.8497
44.8524
44.8551
44.8579
44.8606
44.8633
44.8661
44.8688
44.8716
44.8743
44.8770
44.8798
44.8825
44.8852
44.8880
44.8907
44.8935
44.8962
44.8989
44.9017
44.9044
44.9072
44.9099
44.9126
44.9154
44.9181
44.9208
44.9236
44.9263
44.9291
44.9318
44.9345
44.9373
44.9400
44.9427
44.9455
44.9482
44.9510
44.9537
44.9564
44.9592
44.9619
44.9646
44.9674
44.9701
44.9729
44.9756
44.9783
44.2637
44.2665
44.2692
44.2720
44.2747
44.2774
44.2802
44.2829
44.2856
44.2884
44.2911
44.2939
44.2966
44.2993
44.3021
44.3048
44.3075
44.3103
44.3130
44.3158
44.3185
44.3212
44.3240
44.3267
44.3295
44.3322
44.3349
44.3377
44.3404
44.3431
44.3459
44.3486
44.3514
44.3541
44.3568
44.3596
44.3623
44.3650
44.3678
44.3705
44.3733
44.3760
44.3787
44.3815
44.3842
44.3869
44.3897
44.3924
44.3952
44.3979
44.4006
44.4034
44.4061
44.4089
44.4116
44.4143
44.4171
44.4198
44.4225
44.4253
44.4280
44.4308
44.4335
44.4362
44.4390
44.4417
44.4444
44.4472
44.4499
44.4527
44.4554
44.4581
44.4609
44.4636
44.4663
44.4691
44.4718
44.4746
44.4773
44.4800
44.4828
44.4855
44.4883
44.4910
44.4937
44.4965
44.4992
44.5019
44.5047
44.5074
44.5102
44.5129
44.5156
44.5184
44.5211
44.5238
44.5266
44.5293
44.5321
44.5348
44.5375
44.5403
44.5430
44.5457
44.5485
44.5512
44.5540
44.5567
44.5594
44.5622
44.5649
44.5677
44.5704
44.5731
44.5759
44.5786
44.5813
44.5841
44.5868
44.5896
44.5923
44.5950
44.5978
44.6005
44.6032
44.6060
44.6087
44.6115
44.6142
44.6169
44.6197
44.6224
44.6251
44.6279
44.6306
44.6334
44.6361
44.6388
44.6416
44.6443
44.6470
44.6498
44.6525
44.6553
44.6580
44.6607
44.6635
44.6662
44.6690
44.6717
44.6744
44.6772
44.6799
44.6826
44.6854
44.6881
44.6909
44.6936
44.6963
44.6991
44.7018
44.7045
44.7073
44.7100
44.7128
44.7155
44.7182
44.7210
44.7237
44.7264
44.7292
44.7319
44.7347
44.7374
44.7401
44.7429
44.7456
44.7484
44.7511
44.7538
44.7566
51.2290
51.2317
51.2345
51.2372
51.2399
51.2427
51.2454
51.2481
51.2509
51.2536
51.2564
51.2591
51.2618
51.2646
51.2673
51.2700
51.2728
51.2755
51.2783
51.2810
51.2837
51.2865
51.2892
51.2919
51.2947
51.2974
51.3002
51.3029
51.3056
51.3084
51.3111
51.3139
51.3166
51.3193
51.3221
51.3248
51.3275
51.3303
51.3330
51.3358
51.3385
51.3412
51.3440
51.3467
51.3494
51.3522
51.3549
51.3577
51.3604
51.3631
51.3659
51.3686
51.3713
51.3741
51.3768
51.3796
51.3823
51.3850
51.3878
51.3905
51.3933
51.3960
51.3987
51.4015
51.4042
51.4069
51.4097
51.4124
51.4152
51.4179
51.4206
51.4234
51.4261
51.4288
51.4316
51.4343
51.4371
51.4398
51.4425
51.4453
51.4480
51.4507
51.4535
51.4562
51.4590
51.4617
51.4644
51.4672
51.4699
51.4727
51.4754
51.4781
51.4809
51.4836
51.4863
51.4891
51.4918
51.4946
51.4973
51.5000
51.5028
51.5055
51.5082
51.5110
51.5137
51.5165
51.5192
51.5219
51.5247
51.5274
51.5301
51.5329
51.5356
51.5384
51.5411
51.5438
51.5466
51.5493
51.5521
51.5548
51.5575
51.5603
51.5630
51.5657
51.5685
51.5712
51.5740
51.5767
51.5794
51.5822
51.5849
51.5876
51.5904
51.5931
51.5959
51.5986
51.6013
51.6041
51.6068
51.6095
51.6123
51.6150
51.6178
51.6205
51.6232
51.6260
51.6287
51.6315
51.6342
51.6369
51.6397
51.6424
51.6451
51.6479
51.6506
51.6534
51.6561
51.6588
51.6616
51.6643
51.6670
51.6698
51.6725
51.6753
51.6780
51.6807
51.6835
51.6862
51.6889
51.6917
51.6944
51.6972
51.6999
51.7026
51.7054
51.7081
51.7108
51.7136
51.7163
51.7191
51.7218
47.8367
47.8394
47.8422
47.8449
47.8477
47.8504
47.8531
47.8559
47.8586
47.8614
47.8641
47.8668
47.8696
47.8723
47.8750
47.8778
47.8805
47.8833
47.8860
47.8887
47.8915
47.8942
47.8969
47.8997
47.9024
47.9052
47.9079
47.9106
47.9134
47.9161
47.9188
47.9216
47.9243
47.9271
47.9298
47.9325
47.9353
47.9380
47.9408
47.9435
47.9462
47.9490
47.9517
47.9544
47.9572
47.9599
47.9627
47.9654
47.9681
47.9709
47.9736
47.9763
47.9791
47.9818
47.9846
47.9873
47.9900
47.9928
47.9955
47.9982
48.0010
48.0037
48.0065
48.0092
48.0119
48.0147
48.0174
48.0202
48.0229
48.0256
48.0284
48.0311
48.0338
48.0366
48.0393
48.0421
48.0448
48.0475
48.0503
48.0530
48.0557
48.0585
48.0612
48.0640
48.0667
48.0694
48.0722
48.0749
48.0776
48.0804
48.0831
48.0859
48.0886
48.0913
48.0941
48.0968
48.0996
48.1023
48.1050
48.1078
48.1105
48.1132
48.1160
48.1187
48.1215
48.1242
48.1269
48.1297
48.1324
48.1351
48.1379
48.1406
48.1434
48.1461
48.1488
48.1516
48.1543
48.1570
48.1598
48.1625
48.1653
48.1680
48.1707
48.1735
48.1762
48.1789
48.1817
48.1844
48.1872
48.1899
48.1926
48.1954
48.1981
48.2009
48.2036
48.2063
48.2091
48.2118
48.2145
48.2173
48.2200
48.2228
48.2255
48.2282
48.2310
48.2337
48.2364
48.2392
48.2419
48.2447
48.2474
48.2501
48.2529
48.2556
48.2583
48.2611
48.2638
48.2666
48.2693
48.2720
48.2748
48.2775
48.2803
48.2830
48.2857
48.2885
48.2912
48.2939
48.2967
48.2994
48.3022
48.3049
48.3076
48.3104
48.3131
48.3158
48.3186
48.3213
48.3241
48.3268
48.3295
49.9750
49.9778
49.9805
49.9832
49.9860
49.9887
49.9914
49.9942
49.9969
49.9997
50.0024
50.0051
50.0079
50.0106
50.0133
50.0161
50.0188
50.0216
50.0243
50.0270
50.0298
50.0325
50.0353
50.0380
50.0407
50.0435
50.0462
50.0489
50.0517
50.0544
50.0572
50.0599
50.0626
50.0654
50.0681
50.0708
50.0736
50.0763
50.0791
50.0818
50.0845
50.0873
50.0900
50.0927
50.0955
50.0982
50.1010
50.1037
50.1064
50.1092
50.1119
50.1146
50.1174
50.1201
50.1229
50.1256
50.1283
50.1311
50.1338
50.1366
50.1393
50.1420
50.1448
50.1475
50.1502
50.1530
50.1557
50.1585
50.1612
50.1639
50.1667
50.1694
50.1721
50.1749
50.1776
50.1804
50.1831
50.1858
50.1886
50.1913
50.1940
50.1968
50.1995
50.2023
50.2050
50.2077
50.2105
50.2132
50.2160
50.2187
50.2214
50.2242
50.2269
50.2296
50.2324
50.2351
50.2379
50.2406
50.2433
50.2461
50.2488
50.2515
50.2543
50.2570
50.2598
50.2625
50.2652
50.2680
50.2707
50.2734
50.2762
50.2789
50.2817
50.2844
50.2871
50.2899
50.2926
50.2954
50.2981
50.3008
50.3036
50.3063
50.3090
50.3118
50.3145
50.3173
50.3200
50.3227
50.3255
50.3282
50.3309
50.3337
50.3364
50.3392
50.3419
50.3446
50.3474
50.3501
50.3528
50.3556
50.3583
50.3611
50.3638
50.3665
50.3693
50.3720
50.3748
50.3775
50.3802
50.3830
50.3857
50.3884
50.3912
50.3939
50.3967
50.3994
50.4021
50.4049
50.4076
50.4103
50.4131
50.4158
50.4186
50.4213
50.4240
50.4268
50.4295
50.4322
50.4350
50.4377
50.4405
50.4432
50.4459
50.4487
50.4514
50.4542
50.4569
50.4596
50.4624
50.4651
50.4678
57.5782
57.5809
57.5837
57.5864
57.5891
57.5919
57.5946
57.5973
57.6001
57.6028
57.6056
57.6083
57.6110
57.6138
57.6165
57.6193
57.6220
57.6247
57.6275
57.6302
57.6329
57.6357
57.6384
57.6412
57.6439
57.6466
57.6494
57.6521
57.6548
57.6576
57.6603
57.6631
57.6658
57.6685
57.6713
57.6740
57.6767
57.6795
57.6822
57.6850
57.6877
57.6904
57.6932
57.6959
57.6987
57.7014
57.7041
57.7069
57.7096
57.7123
57.7151
57.7178
57.7206
57.7233
57.7260
57.7288
57.7315
57.7342
57.7370
57.7397
57.7425
57.7452
57.7479
57.7507
57.7534
57.7561
57.7589
57.7616
57.7644
57.7671
57.7698
57.7726
57.7753
57.7781
57.7808
57.7835
57.7863
57.7890
57.7917
57.7945
57.7972
57.8000
57.8027
57.8054
57.8082
57.8109
57.8136
57.8164
57.8191
57.8219
57.8246
57.8273
57.8301
57.8328
57.8355
57.8383
57.8410
57.8438
57.8465
57.8492
57.8520
57.8547
57.8575
57.8602
57.8629
57.8657
57.8684
57.8711
57.8739
57.8766
57.8794
57.8821
57.8848
57.8876
57.8903
57.8930
57.8958
57.8985
57.9013
57.9040
57.9067
57.9095
57.9122
57.9149
57.9177
57.9204
57.9232
57.9259
57.9286
57.9314
57.9341
57.9369
57.9396
57.9423
57.9451
57.9478
57.9505
57.9533
57.9560
57.9588
57.9615
57.9642
57.9670
57.9697
57.9724
57.9752
57.9779
57.9807
57.9834
57.9861
57.9889
57.9916
57.9943
57.9971
57.9998
58.0026
58.0053
58.0080
58.0108
58.0135
58.0162
58.0190
58.0217
58.0245
58.0272
58.0299
58.0327
58.0354
58.0382
58.0409
58.0436
58.0464
58.0491
58.0518
58.0546
58.0573
58.0601
58.0628
58.0655
58.0683
58.0710
38.5470
38.5497
38.5525
38.5552
38.5579
38.5607
38.5634
38.5662
38.5689
38.5716
38.5744
38.5771
38.5798
38.5826
38.5853
38.5881
38.5908
38.5935
38.5963
38.5990
38.6018
38.6045
38.6072
38.6100
38.6127
38.6154
38.6182
38.6209
38.6237
38.6264
38.6291
38.6319
38.6346
38.6373
38.6401
38.6428
38.6456
38.6483
38.6510
38.6538
38.6565
38.6592
38.6620
38.6647
38.6675
38.6702
38.6729
38.6757
38.6784
38.6812
38.6839
38.6866
38.6894
38.6921
38.6948
38.6976
38.7003
38.7031
38.7058
38.7085
38.7113
38.7140
38.7167
38.7195
38.7222
38.7250
38.7277
38.7304
38.7332
38.7359
38.7386
38.7414
38.7441
38.7469
38.7496
38.7523
38.7551
38.7578
38.7605
38.7633
38.7660
38.7688
38.7715
38.7742
38.7770
38.7797
38.7825
38.7852
38.7879
38.7907
38.7934
38.7961
38.7989
38.8016
38.8044
38.8071
38.8098
38.8126
38.8153
38.8180
38.8208
38.8235
38.8263
38.8290
38.8317
38.8345
38.8372
38.8399
38.8427
38.8454
38.8482
38.8509
38.8536
38.8564
38.8591
38.8619
38.8646
38.8673
38.8701
38.8728
38.8755
38.8783
38.8810
38.8838
38.8865
38.8892
38.8920
38.8947
38.8974
38.9002
38.9029
38.9057
38.9084
38.9111
38.9139
38.9166
38.9193
38.9221
38.9248
38.9276
38.9303
38.9330
38.9358
38.9385
38.9413
38.9440
38.9467
38.9495
38.9522
38.9549
38.9577
38.9604
38.9632
38.9659
38.9686
38.9714
38.9741
38.9768
38.9796
38.9823
38.9851
38.9878
38.9905
38.9933
38.9960
38.9987
39.0015
39.0042
39.0070
39.0097
39.0124
39.0152
39.0179
39.0207
39.0234
39.0261
39.0289
39.0316
39.0343
39.0371
39.0398
47.9490
47.9517
47.9544
47.9572
47.9599
47.9627
47.9654
47.9681
47.9709
47.9736
47.9763
47.9791
47.9818
47.9846
47.9873
47.9900
47.9928
47.9955
47.9982
48.0010
48.0037
48.0065
48.0092
48.0119
48.0147
48.0174
48.0202
48.0229
48.0256
48.0284
48.0311
48.0338
48.0366
48.0393
48.0421
48.0448
48.0475
48.0503
48.0530
48.0557
48.0585
48.0612
48.0640
48.0667
48.0694
48.0722
48.0749
48.0776
48.0804
48.0831
48.0859
48.0886
48.0913
48.0941
48.0968
48.0996
48.1023
48.1050
48.1078
48.1105
48.1132
48.1160
48.1187
48.1215
48.1242
48.1269
48.1297
48.1324
48.1351
48.1379
48.1406
48.1434
48.1461
48.1488
48.1516
48.1543
48.1570
48.1598
48.1625
48.1653
48.1680
48.1707
48.1735
48.1762
48.1789
48.1817
48.1844
48.1872
48.1899
48.1926
48.1954
48.1981
48.2009
48.2036
48.2063
48.2091
48.2118
48.2145
48.2173
48.2200
48.2228
48.2255
48.2282
48.2310
48.2337
48.2364
48.2392
48.2419
48.2447
48.2474
48.2501
48.2529
48.2556
48.2583
48.2611
48.2638
48.2666
48.2693
48.2720
48.2748
48.2775
48.2803
48.2830
48.2857
48.2885
48.2912
48.2939
48.2967
48.2994
48.3022
48.3049
48.3076
48.3104
48.3131
48.3158
48.3186
48.3213
48.3241
48.3268
48.3295
48.3323
48.3350
48.3377
48.3405
48.3432
48.3460
48.3487
48.3514
48.3542
48.3569
48.3597
48.3624
48.3651
48.3679
48.3706
48.3733
48.3761
48.3788
48.3816
48.3843
48.3870
48.3898
48.3925
48.3952
48.3980
48.4007
48.4035
48.4062
48.4089
48.4117
48.4144
48.4171
48.4199
48.4226
48.4254
48.4281
48.4308
48.4336
48.4363
48.4391
48.4418
43.6806
43.6833
43.6860
43.6888
43.6915
43.6943
43.6970
43.6997
43.7025
43.7052
43.7079
43.7107
43.7134
43.7162
43.7189
43.7216
43.7244
43.7271
43.7299
43.7326
43.7353
43.7381
43.7408
43.7435
43.7463
43.7490
43.7518
43.7545
43.7572
43.7600
43.7627
43.7654
43.7682
43.7709
43.7737
43.7764
43.7791
43.7819
43.7846
43.7873
43.7901
43.7928
43.7956
43.7983
43.8010
43.8038
43.8065
43.8093
43.8120
43.8147
43.8175
43.8202
43.8229
43.8257
43.8284
43.8312
43.8339
43.8366
43.8394
43.8421
43.8448
43.8476
43.8503
43.8531
43.8558
43.8585
43.8613
43.8640
43.8667
43.8695
43.8722
43.8750
43.8777
43.8804
43.8832
43.8859
43.8886
43.8914
43.8941
43.8969
43.8996
43.9023
43.9051
43.9078
43.9106
43.9133
43.9160
43.9188
43.9215
43.9242
43.9270
43.9297
43.9325
43.9352
43.9379
43.9407
43.9434
43.9461
43.9489
43.9516
43.9544
43.9571
43.9598
43.9626
43.9653
43.9680
43.9708
43.9735
43.9763
43.9790
43.9817
43.9845
43.9872
43.9900
43.9927
43.9954
43.9982
44.0009
44.0036
44.0064
44.0091
44.0119
44.0146
44.0173
44.0201
44.0228
44.0255
44.0283
44.0310
44.0338
44.0365
44.0392
44.0420
44.0447
44.0474
44.0502
44.0529
44.0557
44.0584
44.0611
44.0639
44.0666
44.0694
44.0721
44.0748
44.0776
44.0803
44.0830
44.0858
44.0885
44.0913
44.0940
44.0967
44.0995
44.1022
44.1049
44.1077
44.1104
44.1132
44.1159
44.1186
44.1214
44.1241
44.1268
44.1296
44.1323
44.1351
44.1378
44.1405
44.1433
44.1460
44.1488
44.1515
44.1542
44.1570
44.1597
44.1624
44.1652
44.1679
44.1707
44.1734
41.5642
41.5669
41.5696
41.5724
41.5751
41.5779
41.5806
41.5833
41.5861
41.5888
41.5915
41.5943
41.5970
41.5998
41.6025
41.6052
41.6080
41.6107
41.6134
41.6162
41.6189
41.6217
41.6244
41.6271
41.6299
41.6326
41.6354
41.6381
41.6408
41.6436
41.6463
41.6490
41.6518
41.6545
41.6573
41.6600
41.6627
41.6655
41.6682
41.6709
41.6737
41.6764
41.6792
41.6819
41.6846
41.6874
41.6901
41.6928
41.6956
41.6983
41.7011
41.7038
41.7065
41.7093
41.7120
41.7148
41.7175
41.7202
41.7230
41.7257
41.7284
41.7312
41.7339
41.7367
41.7394
41.7421
41.7449
41.7476
41.7503
41.7531
41.7558
41.7586
41.7613
41.7640
41.7668
41.7695
41.7722
41.7750
41.7777
41.7805
41.7832
41.7859
41.7887
41.7914
41.7942
41.7969
41.7996
41.8024
41.8051
41.8078
41.8106
41.8133
41.8161
41.8188
41.8215
41.8243
41.8270
41.8297
41.8325
41.8352
41.8380
41.8407
41.8434
41.8462
41.8489
41.8516
41.8544
41.8571
41.8599
41.8626
41.8653
41.8681
41.8708
41.8735
41.8763
41.8790
41.8818
41.8845
41.8872
41.8900
41.8927
41.8955
41.8982
41.9009
41.9037
41.9064
41.9091
41.9119
41.9146
41.9174
41.9201
41.9228
41.9256
41.9283
41.9310
41.9338
41.9365
41.9393
41.9420
41.9447
41.9475
41.9502
41.9529
41.9557
41.9584
41.9612
41.9639
41.9666
41.9694
41.9721
41.9749
41.9776
41.9803
41.9831
41.9858
41.9885
41.9913
41.9940
41.9968
41.9995
42.0022
42.0050
42.0077
42.0104
42.0132
42.0159
42.0187
42.0214
42.0241
42.0269
42.0296
42.0323
42.0351
42.0378
42.0406
42.0433
42.0460
42.0488
42.0515
42.0543
42.0570
41.4820
41.4848
41.4875
41.4902
41.4930
41.4957
41.4985
41.5012
41.5039
41.5067
41.5094
41.5121
41.5149
41.5176
41.5204
41.5231
41.5258
41.5286
41.5313
41.5340
41.5368
41.5395
41.5423
41.5450
41.5477
41.5505
41.5532
41.5560
41.5587
41.5614
41.5642
41.5669
41.5696
41.5724
41.5751
41.5779
41.5806
41.5833
41.5861
41.5888
41.5915
41.5943
41.5970
41.5998
41.6025
41.6052
41.6080
41.6107
41.6134
41.6162
41.6189
41.6217
41.6244
41.6271
41.6299
41.6326
41.6354
41.6381
41.6408
41.6436
41.6463
41.6490
41.6518
41.6545
41.6573
41.6600
41.6627
41.6655
41.6682
41.6709
41.6737
41.6764
41.6792
41.6819
41.6846
41.6874
41.6901
41.6928
41.6956
41.6983
41.7011
41.7038
41.7065
41.7093
41.7120
41.7148
41.7175
41.7202
41.7230
41.7257
41.7284
41.7312
41.7339
41.7367
41.7394
41.7421
41.7449
41.7476
41.7503
41.7531
41.7558
41.7586
41.7613
41.7640
41.7668
41.7695
41.7722
41.7750
41.7777
41.7805
41.7832
41.7859
41.7887
41.7914
41.7942
41.7969
41.7996
41.8024
41.8051
41.8078
41.8106
41.8133
41.8161
41.8188
41.8215
41.8243
41.8270
41.8297
41.8325
41.8352
41.8380
41.8407
41.8434
41.8462
41.8489
41.8516
41.8544
41.8571
41.8599
41.8626
41.8653
41.8681
41.8708
41.8735
41.8763
41.8790
41.8818
41.8845
41.8872
41.8900
41.8927
41.8955
41.8982
41.9009
41.9037
41.9064
41.9091
41.9119
41.9146
41.9174
41.9201
41.9228
41.9256
41.9283
41.9310
41.9338
41.9365
41.9393
41.9420
41.9447
41.9475
41.9502
41.9529
41.9557
41.9584
41.9612
41.9639
41.9666
41.9694
41.9721
41.9749
62.7063
62.7090
62.7118
62.7145
62.7172
62.7200
62.7227
62.7254
62.7282
62.7309
62.7337
62.7364
62.7391
62.7419
62.7446
62.7474
62.7501
62.7528
62.7556
62.7583
62.7610
62.7638
62.7665
62.7693
62.7720
62.7747
62.7775
62.7802
62.7829
62.7857
62.7884
62.7912
62.7939
62.7966
62.7994
62.8021
62.8048
62.8076
62.8103
62.8131
62.8158
62.8185
62.8213
62.8240
62.8268
62.8295
62.8322
62.8350
62.8377
62.8404
62.8432
62.8459
62.8487
62.8514
62.8541
62.8569
62.8596
62.8623
62.8651
62.8678
62.8706
62.8733
62.8760
62.8788
62.8815
62.8842
62.8870
62.8897
62.8925
62.8952
62.8979
62.9007
62.9034
62.9062
62.9089
62.9116
62.9144
62.9171
62.9198
62.9226
62.9253
62.9281
62.9308
62.9335
62.9363
62.9390
62.9417
62.9445
62.9472
62.9500
62.9527
62.9554
62.9582
62.9609
62.9636
62.9664
62.9691
62.9719
62.9746
62.9773
62.9801
62.9828
62.9856
62.9883
62.9910
62.9938
62.9965
62.9992
63.0020
63.0047
63.0075
63.0102
63.0129
63.0157
63.0184
63.0211
63.0239
63.0266
63.0294
63.0321
63.0348
63.0376
63.0403
63.0430
63.0458
63.0485
63.0513
63.0540
63.0567
63.0595
63.0622
63.0649
63.0677
63.0704
63.0732
63.0759
63.0786
63.0814
63.0841
63.0869
63.0896
63.0923
63.0951
63.0978
63.1005
63.1033
63.1060
63.1088
63.1115
63.1142
63.1170
63.1197
63.1224
63.1252
63.1279
63.1307
63.1334
63.1361
63.1389
63.1416
63.1443
63.1471
63.1498
63.1526
63.1553
63.1580
63.1608
63.1635
63.1663
63.1690
63.1717
63.1745
63.1772
63.1799
63.1827
63.1854
63.1882
63.1909
63.1936
63.1964
63.1991
79.8045
79.8073
79.8100
79.8127
79.8155
79.8182
79.8209
79.8237
79.8264
79.8292
79.8319
79.8346
79.8374
79.8401
79.8428
79.8456
79.8483
79.8511
79.8538
79.8565
79.8593
79.8620
79.8647
79.8675
79.8702
79.8730
79.8757
79.8784
79.8812
79.8839
79.8867
79.8894
79.8921
79.8949
79.8976
79.9003
79.9031
79.9058
79.9086
79.9113
79.9140
79.9168
79.9195
79.9222
79.9250
79.9277
79.9305
79.9332
79.9359
79.9387
79.9414
79.9441
79.9469
79.9496
79.9524
79.9551
79.9578
79.9606
79.9633
79.9660
79.9688
79.9715
79.9743
79.9770
79.9797
79.9825
79.9852
79.9880
79.9907
79.9934
79.9962
79.9989
80.0016
80.0044
80.0071
80.0099
80.0126
80.0153
80.0181
80.0208
80.0235
80.0263
80.0290
80.0318
80.0345
80.0372
80.0400
80.0427
80.0454
80.0482
80.0509
80.0537
80.0564
80.0591
80.0619
80.0646
80.0674
80.0701
80.0728
80.0756
80.0783
80.0810
80.0838
80.0865
80.0893
80.0920
80.0947
80.0975
80.1002
80.1029
80.1057
80.1084
80.1112
80.1139
80.1166
80.1194
80.1221
80.1248
80.1276
80.1303
80.1331
80.1358
80.1385
80.1413
80.1440
80.1468
80.1495
80.1522
80.1550
80.1577
80.1604
80.1632
80.1659
80.1687
80.1714
80.1741
80.1769
80.1796
80.1823
80.1851
80.1878
80.1906
80.1933
80.1960
80.1988
80.2015
80.2042
80.2070
80.2097
80.2125
80.2152
80.2179
80.2207
80.2234
80.2262
80.2289
80.2316
80.2344
80.2371
80.2398
80.2426
80.2453
80.2481
80.2508
80.2535
80.2563
80.2590
80.2617
80.2645
80.2672
80.2700
80.2727
80.2754
80.2782
80.2809
80.2836
80.2864
80.2891
80.2919
80.2946
80.2973
44.0447
44.0474
44.0502
44.0529
44.0557
44.0584
44.0611
44.0639
44.0666
44.0694
44.0721
44.0748
44.0776
44.0803
44.0830
44.0858
44.0885
44.0913
44.0940
44.0967
44.0995
44.1022
44.1049
44.1077
44.1104
44.1132
44.1159
44.1186
44.1214
44.1241
44.1268
44.1296
44.1323
44.1351
44.1378
44.1405
44.1433
44.1460
44.1488
44.1515
44.1542
44.1570
44.1597
44.1624
44.1652
44.1679
44.1707
44.1734
44.1761
44.1789
44.1816
44.1843
44.1871
44.1898
44.1926
44.1953
44.1980
44.2008
44.2035
44.2062
44.2090
44.2117
44.2145
44.2172
44.2199
44.2227
44.2254
44.2281
44.2309
44.2336
44.2364
44.2391
44.2418
44.2446
44.2473
44.2501
44.2528
44.2555
44.2583
44.2610
44.2637
44.2665
44.2692
44.2720
44.2747
44.2774
44.2802
44.2829
44.2856
44.2884
44.2911
44.2939
44.2966
44.2993
44.3021
44.3048
44.3075
44.3103
44.3130
44.3158
44.3185
44.3212
44.3240
44.3267
44.3295
44.3322
44.3349
44.3377
44.3404
44.3431
44.3459
44.3486
44.3514
44.3541
44.3568
44.3596
44.3623
44.3650
44.3678
44.3705
44.3733
44.3760
44.3787
44.3815
44.3842
44.3869
44.3897
44.3924
44.3952
44.3979
44.4006
44.4034
44.4061
44.4089
44.4116
44.4143
44.4171
44.4198
44.4225
44.4253
44.4280
44.4308
44.4335
44.4362
44.4390
44.4417
44.4444
44.4472
44.4499
44.4527
44.4554
44.4581
44.4609
44.4636
44.4663
44.4691
44.4718
44.4746
44.4773
44.4800
44.4828
44.4855
44.4883
44.4910
44.4937
44.4965
44.4992
44.5019
44.5047
44.5074
44.5102
44.5129
44.5156
44.5184
44.5211
44.5238
44.5266
44.5293
44.5321
44.5348
44.5375
60.6036
60.6063
60.6090
60.6118
60.6145
60.6173
60.6200
60.6227
60.6255
60.6282
60.6310
60.6337
60.6364
60.6392
60.6419
60.6446
60.6474
60.6501
60.6529
60.6556
60.6583
60.6611
60.6638
60.6665
60.6693
60.6720
60.6748
60.6775
60.6802
60.6830
60.6857
60.6884
60.6912
60.6939
60.6967
60.6994
60.7021
60.7049
60.7076
60.7103
60.7131
60.7158
60.7186
60.7213
60.7240
60.7268
60.7295
60.7323
60.7350
60.7377
60.7405
60.7432
60.7459
60.7487
60.7514
60.7542
60.7569
60.7596
60.7624
60.7651
60.7678
60.7706
60.7733
60.7761
60.7788
60.7815
60.7843
60.7870
60.7897
60.7925
60.7952
60.7980
60.8007
60.8034
60.8062
60.8089
60.8117
60.8144
60.8171
60.8199
60.8226
60.8253
60.8281
60.8308
60.8336
60.8363
60.8390
60.8418
60.8445
60.8472
60.8500
60.8527
60.8555
60.8582
60.8609
60.8637
60.8664
60.8691
60.8719
60.8746
60.8774
60.8801
60.8828
60.8856
60.8883
60.8911
60.8938
60.8965
60.8993
60.9020
60.9047
60.9075
60.9102
60.9130
60.9157
60.9184
60.9212
60.9239
60.9266
60.9294
60.9321
60.9349
60.9376
60.9403
60.9431
60.9458
60.9485
60.9513
60.9540
60.9568
60.9595
60.9622
60.9650
60.9677
60.9705
60.9732
60.9759
60.9787
60.9814
60.9841
60.9869
60.9896
60.9924
60.9951
60.9978
61.0006
61.0033
61.0060
61.0088
61.0115
61.0143
61.0170
61.0197
61.0225
61.0252
61.0279
61.0307
61.0334
61.0362
61.0389
61.0416
61.0444
61.0471
61.0499
61.0526
61.0553
61.0581
61.0608
61.0635
61.0663
61.0690
61.0718
61.0745
61.0772
61.0800
61.0827
61.0854
61.0882
61.0909
61.0937
61.0964
56.6993
56.7021
56.7048
56.7075
56.7103
56.7130
56.7157
56.7185
56.7212
56.7240
56.7267
56.7294
56.7322
56.7349
56.7376
56.7404
56.7431
56.7459
56.7486
56.7513
56.7541
56.7568
56.7596
56.7623
56.7650
56.7678
56.7705
56.7732
56.7760
56.7787
56.7815
56.7842
56.7869
56.7897
56.7924
56.7951
56.7979
56.8006
56.8034
56.8061
56.8088
56.8116
56.8143
56.8170
56.8198
56.8225
56.8253
56.8280
56.8307
56.8335
56.8362
56.8389
56.8417
56.8444
56.8472
56.8499
56.8526
56.8554
56.8581
56.8609
56.8636
56.8663
56.8691
56.8718
56.8745
56.8773
56.8800
56.8828
56.8855
56.8882
56.8910
56.8937
56.8964
56.8992
56.9019
56.9047
56.9074
56.9101
56.9129
56.9156
56.9183
56.9211
56.9238
56.9266
56.9293
56.9320
56.9348
56.9375
56.9403
56.9430
56.9457
56.9485
56.9512
56.9539
56.9567
56.9594
56.9622
56.9649
56.9676
56.9704
56.9731
56.9758
56.9786
56.9813
56.9841
56.9868
56.9895
56.9923
56.9950
56.9977
57.0005
57.0032
57.0060
57.0087
57.0114
57.0142
57.0169
57.0197
57.0224
57.0251
57.0279
57.0306
57.0333
57.0361
57.0388
57.0416
57.0443
57.0470
57.0498
57.0525
57.0552
57.0580
57.0607
57.0635
57.0662
57.0689
57.0717
57.0744
57.0771
57.0799
57.0826
57.0854
57.0881
57.0908
57.0936
57.0963
57.0991
57.1018
57.1045
57.1073
57.1100
57.1127
57.1155
57.1182
57.1210
57.1237
57.1264
57.1292
57.1319
57.1346
57.1374
57.1401
57.1429
57.1456
57.1483
57.1511
57.1538
57.1565
57.1593
57.1620
57.1648
57.1675
57.1702
57.1730
57.1757
57.1784
57.1812
57.1839
57.1867
57.1894
57.1921