124
141
136
93
94
135
116
136
126
98
151
118
108
126
137
126
163
104
146
130
123
131
107
131
143
133
134
108
136
110
137
130
125
125
133
120
126
85
120
108
139
138
126
115
120
107
120
120
134
151
112
126
131
136
159
128
132
117
143
128
117
134
131
131
99
129
115
120
118
112
111
114
126
143
121
138
154
128
123
140
120
150
112
135
121
107
126
130
149
135
116
128
112
115
101
111
117
124
116
104
96
131
131
122
122
118
136
118
135
133
112
127
130
112
113
121
147
153
120
139
106
121
124
110
82
149
176
111
99
117
123
104
138
110
154
120
121
132
116
139
104
121
137
123
112
112
130
125
138
148
125
129
108
108
105
108
106
104
137
105
131
116
135
111
136
138
116
116
131
99
132
149
126
121
112
128
124
92
104
135
118
128
114
103
113
134
123
133
114
135
108
123
122
105
151
121
106
116
138
97
98
122
121
121
110
129
125
140
122
131
130
123
121
134
103
139
140
106
119
112
140
114
124
135
135
111
115
131
134
110
91
119
125
127
100
131
124
135
145
133
120
124
106
111
114
116
144
107
140
104
116
138
118
153
112
125
126
132
153
136
132
143
115
119
113
133
116
139
118
113
117
116
103
121
126
147
132
119
125
140
112
135
114
119
140
105
129
119
112
154
143
133
110
143
120
120
135
120
135
128
104
134
102
138
121
100
118
112
113
133
124
132
102
118
129
142
144
135
133
149
114
110
132
144
122
114
136
135
128
117
95
116
135
174
120
127
123
134
123
123
129
143
109
145
126
120
126
118
160
115
114
120
130
133
126
139
147
119
125
111
107
142
122
124
143
150
129
100
120
96
139
134
133
139
123
118
134
128
114
125
113
125
125
121
133
108
124
113
143
126
146
124
131
130
131
123
122
151
116
120
132
120
127
106
132
130
122
108
134
141
143
86
131
116
141
115
122
90
135
124
113
114
120
127
97
117
120
124
119
137
136
126
130
147
147
119
107
105
119
149
106
122
125
111
115
139
91
112
106
125
138
132
128
146
144
138
100
133
110
97
145
137
147
103
129
131
116
133
130
137
117
127
112
109
143
125
126
123
128
143
163
141
138
140
143
125
112
113
106
130
113
119
133
132
132
117
111
100
104
113
82
130
149
137
112
117
133
107
119
131
113
130
94
140
128
115
127
122
121
169
138
104
121
114
103
135
119
151
140
123
105
126
148
110
124
149
136
121
129
118
141
164
121
109
134
94
129
100
125
146
131
128
130
119
119
112
99
139
89
123
114
132
108
117
100
125
132
116
112
117
125
94
114
127
127
130
141
117
136
134
100
119
122
130
121
117
146
88
139
129
122
127
138
149
109
131
110
116
113
117
107
109
147
112
131
151
124
141
93
111
120
133
123
111
162
135
117
150
97
101
126
123
123
143
126
136
97
114
147
144
118
117
132
124
113
121
117
98
97
115
94
137
126
127
106
104
135
121
126
140
121
116
152
126
134
127
89
142
155
120
167
125
118
148
154
127
95
117
118
133
128
127
141
130
132
107
125
132
117
121
164
136
117
119
132
102
122
121
121
114
117
113
123
114
139
117
131
100
111
111
119
109
119
112
124
119
161
131
113
109
128
150
122
120
109
137
113
135
121
141
134
116
125
119
111
112
120
136
159
133
132
120
141
160
154
105
125
96
109
141
124
110
132
146
112
126
133
116
107
97
124
121
120
113
145
130
144
129
125
128
117
93
119
94
127
127
136
113
143
110
129
129
159
124
146
138
138
121
89
106
131
110
144
111
130
138
135
128
112
141
143
137
144
146
106
124
118
133
146
102
94
99
82
135
129
147
113
112
140
116
125
100
158
102
133
130
134
110
80
145
122
127
143
125
123
123
113
117
120
98
136
130
127
126
123
134
139
116
162
154
122
134
131
155
134
157
116
117
108
125
126
126
113
134
122
120
145
124
151
126
145
117
124
137
117
128
135
130
130
149
134
120
120
99
158
96
130
138
133
139
130
147
160
131
128
105
101
100
133
152
118
131
121
155
117
131
126
107
124
156
140
108
122
104
119
121
149
105
120
135
143
112
123
131
122
102
128
107
105
122
132
139
127
129
114
115
128
115
116
101
