1186.25
1180.17
1178.83
1178.22
1178.65
1183.42
1177.23
1182.49
1176.87
1177.02
1179.41
1175.88
1182.95
1181.21
1179.24
1180.6
1180.95
1175.23
1184.53
1180.34
1177.96
1183.81
1182.87
1184.39
1168.96
1174.85
1183.55
1184
1178.22
1179.17
1183.86
1481.8
1484.16
1478.38
1478.77
1480.4
1476.94
1477.84
1480.34
1481.95
1488.49
1488.16
1484.65
1474.8
1482.93
1473.65
1482.88
1476.78
1477.57
1489.34
1480.65
1487.32
1481.98
1476.47
1480.34
1481.74
1480.81
1470.43
1477.82
1483.45
1479.45
1479.38
1524.08
1521.33
1525.55
1520.55
1525.19
1526.66
1522.37
1351.05
1351.07
1349.61
1355.29
1345.18
1350.99
1353.48
1669.75
1671.46
1670.82
1667.56
1664.75
1670.96
1675.53
1348.27
1344.02
1353.98
1350.51
1347.81
1347.09
1349.58
1521.65
1526.19
1526.49
1852.64
1856.11
1851.08
1849.03
1847.62
1852.46
1853.57
1852.5
1851.61
1850.9
1850.18
1850.41
1851.8
1851.34
1851.62
1846.12
1854.2
1848.99
1853.45
1851.48
1848.67
1852.38
1847.62
1851.8
1856.27
1850.62
1848.33
1856.04
1848.01
1852.82
1848.17
830.176
826.442
825.448
824.965
823.063
824.121
824.274
729.455
740.391
732.641
735.906
728.292
734.775
733.87
822.551
819.573
821.583
825.901
823.501
826.501
826.317
905.556
909.276
898.187
907.416
903.349
905.491
900.077
905.148
906.58
906.33
1229.9
1222.42
1224.45
1224.73
1225.92
1224.02
1222.7
1226.09
1223.15
1218.98
1227.78
1221.48
1224.85
1222.67
1222.9
1226
1222.23
1221.76
1221.27
1221.06
1219.64
1222.23
1222.15
1219.21
1227.83
1221.01
1217.72
1221.37
1220.11
1226.36
1227.4
1569.91
1573.53
1567.07
1569.18
1561.38
1567.09
1569.96
1565.58
1569.27
1570.22
1568.66
1566.94
1564.98
1564.01
1562.49
1565.28
1569.54
1561.99
1569.77
1569.77
1569.65
1570.42
1565.93
1562.86
1562.83
1566.79
1571.22
1564.22
1567.05
1570.54
1557.57
1437.94
1446.03
1435.57
1438.19
1434.2
1441.28
1440.9
1440.7
1435.9
1437.7
1438.71
1444.08
1447.22
1440.39
1443.64
1440.46
1443.02
1443.31
1439.95
1441.25
1439.22
1435.9
1437.46
1435.06
1433.72
1440.93
1434.38
1436.1
1439.02
1438.06
1435.34
982.638
978.179
983.978
986.721
982.396
986.111
986.793
1075.09
1075.32
1077.56
1080.12
1079.76
1073.7
1072.17
981.105
980.091
983.367
988.131
982.622
985.857
979.256
980.453
981.893
980.443
982.067
986.089
976.909
979.794
988.912
981.555
976.723
1387.75
1389.72
1389.23
1392.45
1385.35
1388.81
1390.58
1563.26
1563.4
1566.4
1567.65
1567.23
1562.73
1563.48
1568.15
1569.94
1565.55
1563.26
1566.51
1562.44
1568.55
1562.69
1564.59
1557.47
1567.32
1563.09
1563.89
1561.66
1707.53
1714.69
1720.11
1501.71
1505.7
1511.52
1508.77
1510.94
1512.91
1512.55
1512.74
1511.25
1510
1507.64
1508.4
1509.88
1508.23
1513.92
1512.86
1509.72
1510.93
1511.25
1509.08
1513.36
1514.44
1511.09
1506.42
1506.14
1509.67
1510.64
1509.24
1509.11
1508.01
1511.69
1349.9
1349.24
1350.23
1356.48
1352.72
1352.79
1353.08
1354.47
1348.1
1343.46
1352.09
1346.87
1351.87
1354.06
1347.77
1349.38
1350.99
1350.7
1354.61
1350.54
1357.44
1351.52
1350.82
1344.45
1349.81
1351.28
1351.74
1349.24
1350.8
1344.31
1348.44
951.408
943.348
950.388
953.363
947.071
954.41
946.679
951.851
949.13
953.263
954.217
950.702
946.563
941.229
957.278
950.625
942.941
950.08
950.134
954.572
949.226
949.991
949.989
947.056
955.812
950.558
950.776
947.516
947.029
950.336
945.976
988.023
983.431
976.77
981.71
977.118
979.655
983.729
760.286
761.531
755.59
757.885
757.648
759.031
764.562
981.405
983.293
978.09
984.955
986.188
979.245
984.326
1079.67
1070.38
1074.28
1074.89
1076.93
1075.45
1076.25
975.58
984.341
978.441
1154.39
1151.44
1145.53
1147.01
1149.23
1143.37
1147.25
1146.26
1142.93
1148.75
1148.1
1146.9
1148.41
1145.85
1146.33
1149.62
1152.09
1145.81
1145.01
1150.89
1146.76
1147.14
1145.43
1149.61
1152.22
1148.16
1148.04
1144.66
1145.87
1147.2
1146.86
1226.02
1222.13
1219.52
1214.62
1218.26
1215.24
1219.45
1223.11
1217.25
1220.94
1218.95
1218.21
1218.87
1219.06
1216.04
1222.74
1214.52
1218.86
1213.5
1221.44
1220.14
1216.45
1225.06
1219.47
1222.37
1219.09
1223.33
1224.05
1224.76
1223.15
1225.89
1232.24
1239.15
1233.3
1230.74
1233.88
1226.06
1228.82
1224.16
1235.73
1237.14
1222.46
1228.64
1232.73
1227.77
1236.62
1230.95
1230.15
1231.68
1227.26
1231.26
1225.23
1229.05
1225.22
1232.44
1228.06
1231.4
1226.67
1226.58
1225.52
1227.94
1227.55
946.154
952.753
945.592
948.067
948.722
949.243
948.13
952.933
949.328
952.388
948.046
953.666
950.272
950.735
953.76
953.512
942.468
946.694
946.92
945.77
946.235
947.117
952.288
951.917
943.853
942.471
951.209
952.309
949.396
952.745
952.146
1055.86
1056.73
1060.29
1056.93
1054.67
1055.68
1060.06
1052.09
1061.08
1062.37
1057.95
1055.49
1056.61
1061
1161.27
1158.19
1159.07
1158.79
1157.23
1158.45
1163.63
1056.97
1052.71
1055.87
1054.16
1056.62
1058.21
1056.75
1057.5
1049.96
1057.74
1324.62
1322.06
1322.45
1323.64
1327.01
1327.07
1332.01
1642.29
1637.77
1640.3
1637.87
1645.89
1646.38
1639.02
1640.06
1639.19
1640.94
1642.69
1647.54
1644.3
1641.22
1499.29
1494.86
1492.97
1491.73
1498.08
1491.37
1499.24
1645.89
1633.35
1638.55
1391.62
1392.28
1390.62
1391.03
1391.14
1391.54
1389.17
1393.22
1389.25
1387.66
1388.91
1392.95
1395.8
1394.35
1390.71
1387.8
1390.67
1394.4
1395.4
1388.07
1389.42
1392.5
1392.76
1398.25
1387.98
1390.12
1392.56
1393.73
1388.34
1390.33
1387.36
966.784
970.477
971.208
966.373
971.652
967.189
966.288
970.689
967.8
963.297
964.753
974.877
972.129
966.143
971.513
971.693
965.043
971.3
967.842
971.107
975.395
967.875
972.773
966.878
964.429
962.124
966.317
965.974
968.259
967.641
969.148
1267.69
1272.39
1267.23
1270.59
1271.76
1267.56
1266.63
1264.09
1271.07
1272.18
1276.01
1265.15
1268.66
1266.23
1264.31
1271.14
1272.56
1271.66
1275.01
1267.72
1273.16
1266.88
1273.74
1263.25
1267.42
1269.96
1272.62
1270.88
1266.73
1267.38
1272.88
1366.31
1357.71
1360.92
1365.35
1359.28
1360.88
1358.02
1358.47
1358.26
1354.74
1358.31
1360.93
1364.19
1362.62
1359.29
1355.61
1360.61
1364.07
1357.76
1367.29
1356.47
1362.41
1358.9
1363.77
1359.28
1363.4
1353.13
1357.67
1354.75
1361.68
1364.28
1336.27
1345.95
1337.18
1334.63
1331.78
1336.28
1331.7
1338.6
1342.49
1339.01
1337.94
1333.75
1341.97
1334.47
1340.92
1339.64
1333.57
1338.36
1339.16
1339.97
1335.94
1337.91
1340.66
1340.19
1339.72
1339.11
1340.04
1334.7
1336.81
1330.28
1341.06
1025.93
1028.26
1023.62
1015.84
1020.37
1018.63
1018.93
1020.85
1022.02
1021.98
1019.06
1019.23
1019.71
1019.51
1019.25
1016.46
1017.4
1022.14
1018.64
1020.92
1016.94
1021.13
1018.69
1019.44
1018.15
1018.73
1019.22
1016.38
1021
1012.42
1012.2
743.757
746.11
743.108
739.577
740.268
742.139
743.934
734.051
739.922
739.013
744.105
737.686
743.96
743.063
745.156
741.993
742.609
747.572
742.981
738.353
743.33
739.387
737.831
738.373
744.234
740.936
747.278
742.018
741.243
740.569
742.259
1396.82
1407.29
1403.79
1400.02
1404.96
1396.98
1400.32
1398.89
1400.78
1401.41
1401.72
1403.26
1404.25
1401.18
1403.49
1403.78
1404.63
1399.72
1402.69
1400.59
1400.78
1398.71
1400.28
1400.74
1402.3
1401.7
1402.98
1404.92
1399.15
1403
1400.56
882.401
880.654
887.063
887.217
884.629
885.108
882.756
886.767
879.76
886.272
883.705
883.165
880.153
883.367
879.757
884.109
886.352
879.063
881.88
882.078
885.179
879.439
881.175
880.127
889.688
878.846
882.425
882.089
883.629
880.249
879.614
1655.23
1658.29
1659.89
1657.2
1661.65
1660.96
1660.97
1474.21
1464.39
1468.9
1471.84
1467.77
1472.74
1469.3
1820.04
1815.43
1818.82
1820.12
1816.88
1812.28
1818.68
1657.28
1656.39
1660.36
1659.79
1663.22
1658.45
1657.67
1473.18
1468.97
1472.48
