4
6
13
1.2 0 
0.2 1 4 
1.2 3 0 3 5 
1.2 4 1 3 4 5 
0.2 0 
0.2 2 1 4 
1.2 0 
1.2 4 0 1 3 5 
0.2 0 
0.2 3 2 4 5 
0.2 5 0 1 2 3 4 
0.2 4 0 1 2 4 
1.2 5 0 1 3 4 5 
15
8
1.2 12 0 1 2 3 4 5 6 7 9 12 13 14 
1.2 9 4 5 6 8 9 10 11 13 14 
0.2 11 0 2 3 4 6 7 8 10 11 12 14 
1.2 0 
1.2 8 0 2 3 4 9 10 13 14 
0.2 8 5 6 7 9 10 11 12 13 
1.2 0 
0.2 7 0 2 3 4 6 8 9 
13
12
0.2 12 0 1 2 3 4 5 6 8 9 10 11 12 
1.2 7 2 4 6 7 9 10 12 
1.2 4 6 7 11 12 
1.2 0 
0.2 7 0 2 4 5 6 9 12 
0.2 12 0 1 3 4 5 6 7 8 9 10 11 12 
1.2 6 0 3 4 7 8 11 
0.2 5 1 2 6 8 9 
0.2 2 6 12 
1.2 2 3 11 
1.2 9 0 1 3 5 7 8 10 11 12 
1.2 5 1 6 7 9 11 
14
9
0.2 2 2 11 
1.2 0 
0.2 4 8 9 10 13 
1.2 6 2 3 5 6 8 13 
0.2 9 1 2 4 5 6 8 9 11 12 
0.2 8 1 2 5 6 7 9 10 13 
1.2 3 3 9 11 
1.2 2 1 6 
1.2 7 5 6 7 8 10 11 12 
