20.6365
20.5171
20.491
20.4794
20.4884
20.5829
20.4613
20.5656
20.4552
20.4587
20.5062
20.4371
20.5769
20.5431
20.5046
20.532
20.5393
20.427
20.6109
20.5287
20.4821
20.5979
20.5799
20.6103
20.3066
20.4232
20.5951
20.6044
20.491
20.5102
20.603
23.6785
23.7242
23.614
23.6219
23.6536
23.5878
23.6055
23.6538
23.6849
23.8107
23.8048
23.7381
23.5499
23.706
23.5287
23.706
23.5895
23.6051
23.8311
23.665
23.7932
23.6913
23.5864
23.6609
23.6882
23.6708
23.4724
23.6144
23.7226
23.6465
23.6456
28.3641
28.3052
28.3968
28.2893
28.39
28.4223
28.3299
28.3441
28.3449
28.3099
28.4489
28.2027
28.3449
28.406
28.3347
28.3688
28.3566
28.2929
28.2379
28.3608
28.4513
28.2827
28.1795
28.4227
28.3386
28.2734
28.2563
28.3174
28.3244
28.423
28.4301
27.491
27.5542
27.4636
27.427
27.4019
27.4898
27.5104
27.4914
27.4756
27.4633
27.4507
27.4553
27.4809
27.4729
27.4784
27.3793
27.5259
27.4321
27.5132
27.4779
27.4276
27.4952
27.4095
27.4855
27.5667
27.465
27.4239
27.5638
27.4191
27.5065
27.4227
16.6203
16.5466
16.5273
16.5182
16.4809
16.5023
16.5057
16.4669
16.7118
16.539
16.6124
16.4425
16.588
16.5681
16.4749
16.4163
16.4565
16.5426
16.4954
16.5554
16.5521
16.5394
16.6071
16.407
16.5743
16.5012
16.5403
16.4428
16.535
16.5613
16.5572
24.7853
24.6286
24.6718
24.6782
24.7035
24.6641
24.6368
24.7085
24.6471
24.56
24.7453
24.6135
24.6846
24.6393
24.6446
24.71
24.6314
24.622
24.6122
24.6082
24.5788
24.6335
24.6324
24.571
24.7526
24.6098
24.5412
24.6183
24.5921
24.7239
24.7463
21.049
21.1081
21.0037
21.0383
20.9122
21.0052
21.0521
20.9815
21.0417
21.0575
21.0325
21.005
20.9736
20.9582
20.9341
20.9796
21.049
20.9271
21.0535
21.0538
21.0523
21.0652
20.9928
20.9434
20.9433
21.0078
21.0801
20.967
21.0133
21.0702
20.8602
26.205
26.3857
26.1534
26.2122
26.1238
26.2821
26.274
26.2701
26.1638
26.2043
26.2273
26.3473
26.4178
26.2663
26.3392
26.269
26.3265
26.3333
26.259
26.2886
26.2439
26.1704
26.2057
26.1527
26.1235
26.2846
26.1393
26.178
26.2435
26.2228
26.1627
24.8201
24.715
24.8528
24.9182
24.8164
24.9048
24.9214
24.7665
24.772
24.821
24.8766
24.8693
24.739
24.7066
24.7908
24.7673
24.8454
24.9586
24.8287
24.9058
24.7501
24.7789
24.8135
24.7797
24.8186
24.9143
24.6975
24.7663
24.9826
24.809
24.6952
32.7487
32.8051
32.7918
32.8838
32.6828
32.7815
32.8323
32.7244
32.7285
32.8046
32.8366
32.8266
32.7136
32.7332
32.8515
32.8969
32.787
32.7298
32.8122
32.7102
32.8646
32.7176
32.766
32.5871
32.8358
32.7297
32.7504
32.6947
32.5746
32.7396
32.8645
18.2694
18.3399
18.4427
18.3946
18.4333
18.4684
18.4624
18.4661
18.4403
18.4188
18.3778
18.3915
18.418
18.3892
18.4898
18.4715
18.4167
18.4384
18.4444
18.4068
18.4823
18.5018
18.4433
18.3616
18.3571
18.4194
18.4369
18.4128
18.411
18.3919
18.4571
20.086
20.0731
20.0938
20.2211
20.1451
20.1471
20.1534
20.1821
20.0532
19.9595
20.1352
20.0296
20.1316
20.1766
20.0494
20.0825
20.1158
20.1104
20.1902
20.1081
20.2487
20.1288
20.1151
19.9863
20.0956
20.126
20.1356
20.0854
20.1177
19.9861
20.0705
16.6581
16.5168
16.641
16.6937
16.5835
16.713
16.5774
16.6688
16.6213
16.6944
16.7116
16.6502
16.5778
16.4844
16.7671
16.6505
16.5158
16.6417
16.6431
16.7216
16.6279
16.6418
16.6422
16.591
16.7454
16.6534
16.6577
16.6007
16.5926
16.6511
16.5749
12.1711
12.0804
11.9487
12.0471
11.9565
12.0072
12.0884
12.0553
12.0876
11.9358
11.995
11.9894
12.0252
12.1674
12.0457
12.0836
11.9808
12.1174
12.1423
12.0049
12.1062
12.1081
11.9406
12.0114
12.0229
12.0602
12.0338
12.0488
11.936
12.1103
11.9936
16.439
16.3792
16.2591
16.2897
16.3354
16.2163
16.296
16.2762
16.2087
16.3278
16.315
16.291
16.3222
16.2705
16.2806
16.3481
16.3991
16.2713
16.2554
16.3759
16.292
16.3001
16.2657
16.3515
16.4051
16.3227
16.3208
16.2522
16.2773
16.3049
16.2984
22.5762
22.4999
22.449
22.3527
22.4249
22.366
22.4493
22.5221
22.4069
22.48
22.4413
22.4272
22.4406
22.4449
22.3858
22.5185
22.3567
22.4427
22.3376
22.4946
22.4693
22.397
22.5673
22.4576
22.5153
22.4509
22.535
22.5497
22.5642
22.5329
22.5873
15.5772
15.6991
15.5967
15.552
15.6077
15.4705
15.5195
15.438
15.6419
15.6671
15.4093
15.5183
15.5908
15.5039
15.6599
15.5607
15.5471
15.5744
15.4969
15.5678
15.4621
15.5296
15.4627
15.5902
15.5135
15.5727
15.49
15.4886
15.4705
15.5134
15.507
16.2666
16.3899
16.257
16.3035
16.3162
16.3263
16.306
16.3958
16.3292
16.3865
16.3062
16.4112
16.3485
16.3575
16.4142
16.41
16.205
16.284
16.2887
16.2677
16.2768
16.2936
16.3903
16.3838
16.2342
16.2089
16.372
16.3929
16.3391
16.4018
16.3911
17.6785
17.6948
17.7603
17.6993
17.6583
17.6772
17.7575
17.6123
17.7769
17.801
17.7205
17.6761
17.6968
17.7774
17.7377
17.6868
17.7019
17.6975
17.672
17.6928
17.7794
17.7069
17.6296
17.6876
17.6568
17.7021
17.7315
17.7052
17.7193
17.5821
17.7245
28.3996
28.3358
28.3462
28.3764
28.4616
28.4635
28.5881
28.496
28.4047
28.4565
28.4076
28.5711
28.5814
28.4323
28.454
28.4368
28.4729
28.5088
28.6079
28.5425
28.4805
28.5451
28.447
28.4054
28.378
28.5201
28.371
28.5467
28.5791
28.3249
28.4308
26.859
26.8734
26.8391
26.8481
26.8509
26.8598
26.8106
26.896
26.8134
26.7805
26.8072
26.8923
26.9523
26.9225
26.8468
26.7864
26.847
26.9255
26.947
26.7939
26.8227
26.8878
26.8936
27.0089
26.7945
26.8399
26.8914
26.9163
26.804
26.8461
26.7846
17.3584
17.4295
17.444
17.3518
17.4534
17.3684
17.3515
17.4363
17.3814
17.2956
17.3239
17.5183
17.4661
17.3519
17.4552
17.4591
17.3322
17.4524
17.3867
17.4496
17.5322
17.3886
17.4829
17.3704
17.324
17.2803
17.361
17.3549
17.3991
17.3877
17.417
20.968
21.0731
20.9587
21.0341
21.0606
20.9676
20.9473
20.8914
21.0473
21.0725
21.1583
20.9169
20.9956
20.9421
20.8998
21.0525
21.0847
21.0651
21.1401
20.9784
21.1
20.9607
21.1139
20.881
20.9743
21.0314
21.0911
21.0528
20.9611
20.9759
21.0988
26.866
26.6866
26.7542
26.8475
26.7208
26.7548
26.6954
26.7054
26.7015
26.6284
26.7035
26.7589
26.8275
26.7952
26.7261
26.6495
26.7546
26.8274
26.6959
26.8958
26.6698
26.7946
26.7216
26.8242
26.7305
26.8173
26.6029
26.6985
26.6378
26.7833
26.8383
18.7194
18.9106
18.7383
18.6884
18.6327
18.722
18.632
18.7686
18.8456
18.7776
18.7568
18.6748
18.8372
18.6898
18.8176
18.7927
18.6735
18.7685
18.7847
18.8011
18.7221
18.7614
18.816
18.8072
18.7985
18.7868
18.8056
18.7009
18.7428
18.6146
18.8276
21.7218
21.7683
21.6772
21.5242
21.614
21.5801
21.5866
21.6248
21.6483
21.648
21.5909
21.5947
21.6047
21.6012
21.5966
21.5419
21.561
21.6548
21.5863
21.6318
21.5538
21.6368
21.5892
21.6045
21.5794
21.5913
21.6015
21.5458
21.6375
21.4687
21.4649
27.7748
27.837
27.759
27.6671
27.6858
27.7354
27.7831
27.5248
27.6792
27.656
27.79
27.6225
27.7874
27.7645
27.82
27.7377
27.7545
27.8851
27.7654
27.6448
27.7758
27.6731
27.633
27.6478
27.8019
27.7161
27.8828
27.7457
27.726
27.7089
27.7538
27.9461
28.1657
28.093
28.0145
28.1184
27.9519
28.0222
27.9927
28.0328
28.0464
28.0535
28.0863
28.1075
28.0437
28.0926
28.099
28.1173
28.015
28.0776
28.0343
28.0387
27.9958
28.0291
28.0393
28.0724
28.0604
28.0877
28.1288
28.0083
28.0896
28.0389
24.8607
24.8185
24.9761
24.9805
24.9176
24.9299
24.8729
24.9717
24.8006
24.9607
24.8984
24.8857
24.8125
24.8918
24.8039
24.9111
24.9667
24.7886
24.8582
24.8637
24.9402
24.8001
24.8432
24.8181
25.053
24.7879
24.8762
24.8685
24.9068
24.8245
24.8095
31.8572
31.9259
31.9621
31.9026
32.0021
31.9873
31.988
32.0079
31.7617
31.8753
31.9497
31.8481
31.9733
31.8874
31.958
31.8647
31.9341
31.961
31.8956
31.8027
31.9331
31.9129
31.8935
31.9825
31.9702
32.047
31.9413
31.9243
31.9918
31.8866
31.9753
