61.5633
61.2069
61.1293
61.0947
61.1214
61.4034
61.0406
61.3518
61.0223
61.0328
61.1746
60.9683
61.3855
61.2845
61.1698
61.2515
61.2731
60.9382
61.4867
61.2417
61.1027
61.4481
61.3944
61.4852
60.5792
60.927
61.4397
61.4676
61.1291
61.1863
61.4634
72.7311
72.8713
72.5328
72.5573
72.6546
72.4523
72.5068
72.6551
72.7508
73.1371
73.1191
72.914
72.3359
72.8156
72.271
72.8154
72.4578
72.5056
73.1997
72.6895
73.0835
72.7704
72.448
72.677
72.7607
72.7074
72.0981
72.5342
72.8666
72.6327
72.63
84.6163
84.4407
84.7138
84.3931
84.6936
84.7901
84.5143
84.5567
84.5591
84.4547
84.8692
84.1349
84.559
84.7413
84.5285
84.6304
84.5939
84.404
84.2399
84.6065
84.8766
84.3736
84.0656
84.7913
84.5402
84.3457
84.2947
84.4771
84.498
84.792
84.8131
89.4075
89.6131
89.3184
89.1996
89.1178
89.4039
89.4707
89.4089
89.3577
89.3175
89.2766
89.2914
89.3748
89.3487
89.3667
89.0445
89.521
89.216
89.4799
89.3652
89.2015
89.4213
89.1425
89.3899
89.6539
89.323
89.1895
89.6443
89.1738
89.4581
89.1855
54.0533
53.8138
53.751
53.7212
53.5999
53.6695
53.6807
53.5544
54.3511
53.7889
54.0277
53.4753
53.9482
53.8837
53.5805
53.3898
53.5208
53.8008
53.6473
53.8422
53.8317
53.7903
54.0105
53.3596
53.9038
53.666
53.7933
53.4762
53.7759
53.8615
53.8482
76.1308
75.6495
75.782
75.8016
75.8793
75.7583
75.6745
75.8949
75.7061
75.4387
76.0079
75.6029
75.8213
75.6822
75.6984
75.8995
75.6581
75.6292
75.599
75.5866
75.4965
75.6645
75.661
75.4725
76.0303
75.5916
75.3808
75.6177
75.5373
75.942
76.0109
76.3873
76.6018
76.223
76.3484
75.8909
76.2285
76.3987
76.1424
76.3607
76.4182
76.3276
76.2277
76.1139
76.0579
75.9703
76.1356
76.3874
75.945
76.4036
76.4049
76.3994
76.4463
76.1834
76.0041
76.0036
76.2378
76.5002
76.0899
76.2577
76.4642
75.7023
69.2487
69.7262
69.1122
69.2676
69.0341
69.4524
69.4309
69.4207
69.1399
69.2468
69.3077
69.6248
69.8109
69.4106
69.6032
69.4178
69.5697
69.5877
69.3915
69.4697
69.3516
69.1573
69.2505
69.1106
69.0332
69.459
69.075
69.1773
69.3504
69.2957
69.1368
67.6546
67.3683
67.7438
67.9221
67.6445
67.8855
67.9309
67.5085
67.5236
67.657
67.8086
67.7888
67.4336
67.3454
67.5749
67.5108
67.7235
68.0323
67.6782
67.8883
67.4638
67.5424
67.6367
67.5445
67.6506
67.9115
67.3206
67.5081
68.0977
67.6244
67.3141
83.8577
84.002
83.9681
84.2035
83.6889
83.9416
84.0717
83.7953
83.8059
84.0009
84.0826
84.057
83.7678
83.818
84.1208
84.2372
83.9558
83.8092
84.0202
83.759
84.1544
83.7779
83.9019
83.4439
84.0806
83.8091
83.8621
83.7194
83.4118
83.8344
84.1541
61.1021
61.3381
61.6817
61.521
61.6504
61.7676
61.7477
61.7602
61.6737
61.6018
61.4646
61.5105
61.5991
61.503
61.8392
61.7782
61.5947
61.6673
61.6875
61.5616
61.8143
61.8795
61.6838
61.4104
61.3954
61.604
61.6625
61.5817
61.5756
61.5119
61.7298
58.1714
58.1343
58.194
58.5628
58.3428
58.3485
58.3666
58.4498
58.0765
57.8052
58.3141
58.0083
58.3037
58.434
58.0655
58.1613
58.2578
58.2421
58.4733
58.2355
58.6428
58.2955
58.2558
57.8827
58.1992
58.2873
58.3153
58.1697
58.2632
57.8823
58.1267
55.7133
55.2405
55.656
55.8324
55.4636
55.8967
55.4433
55.7489
55.5902
55.8347
55.8922
55.6868
55.4447
55.1323
56.0777
55.6877
55.2371
55.6584
55.663
55.9254
55.6123
55.6587
55.6599
55.4888
56.0052
55.6975
55.7117
55.5213
55.494
55.6899
55.4348
39.5834
39.2885
38.8602
39.1802
38.8854
39.0504
39.3146
39.2068
39.3119
38.8181
39.0108
38.9924
39.109
39.5713
39.1756
39.2988
38.9645
39.4088
39.4897
39.0431
39.3723
39.3785
38.8338
39.0642
39.1015
39.2228
39.1371
39.1857
38.819
39.3856
39.0063
51.9682
51.7793
51.3997
51.4965
51.6408
51.2644
51.5162
51.4537
51.2402
51.6167
51.5765
51.5004
51.5991
51.4356
51.4675
51.6811
51.8421
51.4381
51.3879
51.769
51.5037
51.5293
51.4205
51.6918
51.8613
51.6008
51.5946
51.3777
51.4572
51.5443
51.5239
67.3498
67.1222
66.9702
66.6831
66.8985
66.7226
66.9712
67.1883
66.8446
67.0629
66.9473
66.9052
66.9453
66.9581
66.7817
67.1775
66.6951
66.9516
66.6379
67.1062
67.031
66.8153
67.3231
66.996
67.168
66.976
67.2268
67.2706
67.3139
67.2207
67.383
52.098
52.5058
52.1633
52.0138
52.2
51.7414
51.9052
51.6326
52.3146
52.3989
51.5366
51.9012
52.1435
51.853
52.3748
52.0428
51.9974
52.0886
51.8296
52.0667
51.7131
51.939
51.7151
52.1415
51.8852
52.0832
51.8063
51.8019
51.7413
51.8848
51.8633
51.4234
51.813
51.3931
51.5401
51.58
51.612
51.5479
51.8318
51.6211
51.8025
51.5484
51.8804
51.6821
51.7107
51.89
51.8768
51.2285
51.4785
51.4931
51.4269
51.4556
51.5088
51.8144
51.7939
51.3209
51.241
51.7564
51.8225
51.6525
51.8508
51.817
62.4562
62.5138
62.7453
62.5299
62.3849
62.4517
62.7355
62.2226
62.8039
62.8891
62.6048
62.448
62.521
62.8057
62.6655
62.4856
62.539
62.5236
62.4334
62.5068
62.8126
62.5565
62.2836
62.4886
62.3797
62.5398
62.6437
62.5508
62.6005
62.1156
62.6189
82.2488
82.0639
82.0942
82.1816
82.4283
82.4338
82.7947
82.528
82.2635
82.4136
82.272
82.7453
82.7752
82.3435
82.4062
82.3564
82.4611
82.565
82.8519
82.6625
82.483
82.6701
82.3859
82.2654
82.1863
82.5977
82.166
82.6749
82.7686
82.0324
82.3391
75.4822
75.5229
75.4263
75.4518
75.4596
75.4845
75.3464
75.5862
75.3542
75.2618
75.3366
75.5758
75.7446
75.6607
75.4481
75.2783
75.4485
75.6691
75.7296
75.2994
75.3802
75.5632
75.5794
75.9037
75.301
75.4287
75.5734
75.6434
75.3278
75.446
75.2732
53.3181
53.5367
53.5811
53.298
53.6099
53.3488
53.2971
53.5574
53.3888
53.1253
53.2123
53.8092
53.6489
53.2982
53.6154
53.6274
53.2376
53.607
53.405
53.5984
53.852
53.411
53.7005
53.3551
53.2124
53.0782
53.3262
53.3074
53.4432
53.4082
53.4982
55.4094
55.6872
55.385
55.5842
55.6542
55.4084
55.3549
55.207
55.6191
55.6858
55.9124
55.2746
55.4825
55.3412
55.2294
55.6329
55.7178
55.666
55.8643
55.437
55.7583
55.3901
55.7951
55.1795
55.4261
55.5771
55.7347
55.6336
55.3913
55.4305
55.7553
75.502
74.9977
75.1879
75.4501
75.094
75.1896
75.0225
75.0506
75.0398
74.8342
75.0453
75.201
75.3938
75.3029
75.1087
74.8935
75.1888
75.3935
75.024
75.5857
74.9507
75.3013
75.0962
75.3846
75.1213
75.365
74.7625
75.0312
74.8606
75.2697
75.424
55.8441
56.4146
55.9004
55.7516
55.5853
55.8518
55.5835
55.991
56.2207
56.0177
55.9558
55.711
56.1956
55.7558
56.137
56.0629
55.7073
55.9906
56.0389
56.0878
55.852
55.9694
56.1324
56.1059
56.0801
56.0453
56.1012
55.7889
55.914
55.5315
56.1668
64.8008
64.9396
64.6679
64.2114
64.4792
64.3781
64.3975
64.5115
64.5816
64.5807
64.4103
64.4216
64.4516
64.441
64.4273
64.2642
64.3211
64.6011
64.3966
64.5325
64.2997
64.5472
64.4052
64.4509
64.3761
64.4116
64.442
64.276
64.5493
64.0458
64.0346
62.3766
62.5164
62.3412
62.1349
62.1769
62.2883
62.3953
61.8153
62.162
62.1099
62.4108
62.0346
62.405
62.3536
62.4781
62.2934
62.331
62.6243
62.3556
62.0848
62.3789
62.1483
62.0582
62.0914
62.4375
62.2449
62.6193
62.3113
62.2671
62.2288
62.3296
78.5374
79.1545
78.9502
78.7296
79.0215
78.5536
78.7512
78.6683
78.781
78.8194
78.8391
78.9313
78.9909
78.8117
78.949
78.9671
79.0184
78.7309
78.9069
78.7852
78.7975
78.6771
78.7707
78.7993
78.8923
78.8585
78.9352
79.0509
78.7123
78.9406
78.7981
59.6817
59.5803
59.9587
59.9691
59.8182
59.8478
59.7108
59.9481
59.5373
59.9217
59.7721
59.7417
59.5659
59.7563
59.5453
59.8027
59.936
59.5086
59.6757
59.6887
59.8725
59.5362
59.6397
59.5794
60.1432
59.5068
59.7187
59.7003
59.7923
59.5948
59.5588
92.2624
92.4613
92.5661
92.3938
92.6821
92.6392
92.6412
92.6988
91.9857
92.3147
92.5302
92.2359
92.5985
92.3498
92.5542
92.2842
92.485
92.5629
92.3735
92.1046
92.4823
92.4238
92.3676
92.6252
92.5895
92.8122
92.5058
92.4568
92.6523
92.3476
92.6044
