28.0064
32.2071
27.6073
24.3443
34.3245
23.2256
31.2552
19.2071
19.8978
24.625
36.3255
26.8226
48.1186
25.9855
27.8905
16.5818
18.4487
31.4464
37.9124
39.6727
19.9276
46.6163
17.2463
23.3724
27.9973
25.0683
22.2918
19.9557
29.0661
30.2306
52.7034
36.1794
16.9007
44.1286
28.4646
45.7915
22.1258
26.5825
22.6437
60.6349
23.7809
22.5872
37.6756
19.6351
25.6481
23.1123
32.815
30.7227
42.0366
25.0888
30.4846
36.9043
27.616
20.2879
24.0866
20.286
40.2852
37.4092
30.0252
30.6813
27.5089
27.1035
19.1195
34.0317
37.4245
33.1582
30.2062
24.6329
30.2536
23.8163
28.9262
13.2119
13.9288
29.6942
19.8572
15.0216
17.1371
31.8258
28.9584
25.3824
36.9331
36.5637
34.416
18.5243
20.0571
34.337
47.5155
44.3112
27.9421
35.1618
20.9438
29.7361
35.0593
42.885
34.5726
32.7881
30.0186
73.0838
20.2858
41.7076
28.726
29.1584
36.5621
22.7487
47.8817
31.374
23.1283
19.5046
26.2389
38.0658
27.8021
25.5447
28.0103
20.0251
17.5523
37.7003
38.0386
27.3562
26.9198
28.7038
26.7378
22.6422
16.2491
17.5234
19.3628
17.6576
22.7609
29.0326
18.5599
51.6917
25.9163
17.645
28.1891
20.3544
36.7096
13.5144
37.125
33.1478
36.5881
32.9577
46.6225
45.4196
34.2337
18.1765
30.7274
25.2133
23.7575
20.8286
41.9178
27.4583
48.942
15.6005
31.3405
20.1377
39.4585
16.5142
38.423
23.2964
39.6369
19.902
22.456
28.0344
34.112
36.4686
38.9767
18.2573
21.7514
14.4141
28.4584
24.4954
67.9652
16.7925
28.2789
26.5722
16.4685
20.4385
19.9797
26.9124
25.3244
31.0616
34.882
32.3654
29.2665
28.9645
27.5997
49.1128
54.6381
51.366
29.3451
24.6701
32.4786
42.9216
19.5494
30.2785
60.2812
23.503
29.1534
13.8127
22.1795
31.7569
22.5838
27.0973
14.5873
19.5607
50.711
30.2615
21.9989
35.8223
29.0882
24.3745
21.4691
38.6069
22.9867
24.0739
27.9799
27.3955
20.002
24.4236
19.914
54.1433
31.6565
22.6452
24.0873
35.8099
56.4315
25.7176
16.3562
33.3387
22.5578
36.7147
23.9487
19.9088
33.6427
28.2952
25.9542
44.6909
21.2434
30.3217
29.9268
48.2714
30.8455
20.9
23.8532
34.4512
29.0807
32.4495
24.2742
43.1132
26.5906
25.6595
25.5905
19.5536
24.8908
15.6537
17.6312
52.5776
40.6161
16.1308
20.4929
32.2491
32.4069
35.4993
58.2415
24.8397
35.4499
24.4893
40.388
27.1394
18.7258
21.2019
38.3449
35.1246
32.7735
35.1658
28.6601
12.1227
33.3729
32.2938
20.4112
37.7145
21.7573
25.4886
33.0377
23.7494
20.7405
27.0303
38.441
21.4283
21.7792
22.6238
30.9191
40.7911
14.4814
27.4029
27.9106
34.4942
23.221
28.0514
17.3967
18.4736
19.3033
23.6452
31.1
39.4667
27.292
23.1429
37.9425
25.9823
14.1431
32.9392
22.9869
21.1849
14.5564
41.8857
21.7662
43.8933
34.707
29.9419
35.9128
24.1724
21.091
48.5025
21.7967
17.9479
53.5094
46.5143
39.4157
33.1758
53.9477
21.3028
35.1018
42.0801
35.3203
21.0076
35.8516
36.5022
35.2355
20.9398
34.8759
25.8114
29.1912
25.0946
19.4042
20.5017
35.4164
24.7968
33.0963
27.8293
21.7073
26.0943
25.8314
34.0833
23.3242
20.3612
20.0145
19.2802
32.9278
20.6081
14.3492
23.0083
28.2018
23.2022
40.6544
21.6593
25.5307
18.3403
55.8141
77.2024
37.7841
47.2326
16.5773
24.9406
30.8238
19.0782
34.362
25.6304
31.4076
19.4951
26.9308
24.9584
17.0885
34.4619
41.0285
25.6843
23.9685
31.2168
51.7103
34.3578
73.3965
29.1987
36.6801
31.1624
25.4785
17.7183
24.9245
24.9188
23.9456
36.062
16.8638
26.0413
18.8243
21.9829
25.6494
34.1602
33.7294
27.0018
34.4613
18.7491
14.4225
28.2942
37.6785
28.3642
30.7093
29.8542
26.9776
23.5391
26.5348
24.1054
19.6262
21.7309
29.0345
27.949
21.3303
14.4906
38.5779
32.2626
37.2169
23.8934
33.0695
19.7447
55.5939
32.5871
33.2447
49.6718
17.8763
35.2944
38.5834
15.1536
28.0313
31.6902
19.7141
22.2469
18.3687
20.2455
24.3806
19.8488
31.932
34.0772
41.2599
40.6695
26.7474
33.023
30.1021
20.3093
27.9133
22.4894
29.4903
39.0242
28.2253
28.3974
26.515
32.3178
22.6902
22.8107
22.5057
40.7323
19.711
16.7526
35.3933
24.6149
32.9366
60.2197
18.2898
19.8715
20.41
12.7629
39.3865
50.6259
40.3051
20.9402
30.2924
18.933
20.1636
23.3733
19.6989
30.2589
25.4984
21.0333
20.7385
23.8663
51.5882
23.2725
52.4405
29.6053
41.1686
21.5288
25.27
20.4866
29.5732
44.2695
35.1541
17.2138
33.2892
31.069
20.6714
27.0633
19.7701
31.2292
22.4723
31.1261
27.4203
28.2208
35.9518
29.1485
30.6385
25.1957
29.4744
34.8432
28.0098
43.0468
42.6658
24.2899
14.5674
25.4784
24.622
39.3879
24.7777
38.0454
32.4321
21.6495
20.0951
44.6403
31.8067
20.4317
15.8635
28.2797
42.5353
22.0565
38.4391
16.2628
21.6556
20.025
35.9227
31.3377
22.861
32.5567
39.6476
22.1678
24.5298
18.2615
34.7027
24.8833
24.5962
39.2373
14.6038
20.9978
28.5606
28.4683
35.4779
31.6569
21.2466
25.9461
22.8699
31.7318
27.549
22.2636
20.9311
42.3124
17.3729
24.265
15.2187
27.99
22.2244
31.5033
22.4141
34.6845
25.7992
39.0921
26.3277
49.5198
22.4073
23.9252
31.8375
34.0333
41.8338
18.8457
29.321
35.5161
21.2669
24.4991
44.4226
54.391
22.8206
44.5225
31.8194
45.9196
38.4447
25.814
33.514
35.3113
43.097
21.1362
53.4945
37.7694
24.2383
25.5884
16.6647
56.9275
19.0305
22.7218
27.196
18.0268
26.9168
51.534
29.1441
25.7753
28.5272
24.4592
66.6855
25.2856
17.4466
23.5216
26.8343
32.0112
31.8754
24.8817
28.371
20.3535
23.1945
35.7083
19.7614
21.882
29.5022
39.8436
21.2938
19.6187
14.9768
17.3126
38.7841
39.2677
19.7655
29.0609
42.5131
19.5519
20.1811
21.5082
24.1398
13.4555
33.006
18.7553
34.9438
22.337
17.5607
28.8443
40.7441
35.0916
31.6761
33.6598
38.1619
34.4092
39.5366
21.6486
40.7682
30.6134
49.6713
21.7089
27.1054
16.8769
33.0177
17.3496
25.2356
26.9397
34.7296
32.3018
29.6607
57.3123
38.1639
16.6857
48.1432
16.2944
48.7744
21.4807
31.3975
26.356
35.0405
31.0674
26.6473
20.1077
32.7008
17.2581
53.6752
39.1419
18.3434
20.3784
39.2746
27.9389
23.2746
42.5353
64.7238
27.8763
16.9094
36.3483
47.1773
40.9312
24.6903
23.1053
24.0268
33.7459
18.0836
21.2318
30.8283
19.0194
22.0184
26.5365
32.6562
16.7051
27.2163
43.4179
17.6397
32.0454
15.5704
31.7441
19.2737
38.2138
44.4713
44.2801
22.824
21.7938
29.7353
22.7763
24.9241
23.8934
21.083
33.0854
23.6264
36.8894
17.0608
15.4876
15.2962
20.774
27.7437
21.0575
21.8507
22.0942
33.0879
27.9437
14.0468
33.1919
32.521
21.3343
41.8799
24.3377
36.89
34.3236
28.6424
30.1822
24.4597
21.4444
38.2669
25.3578
20.5367
27.0122
30.4553
26.6133
23.135
29.4591
36.2519
17.6978
51.7362
19.9661
21.3205
37.254
28.293
24.499
34.9391
39.2582
29.2309
56.8079
20.6511
35.3835
15.3094
29.0673
43.0775
28.9421
32.9366
21.5341
48.718
43.9153
58.2949
30.3366
22.2396
21.7789
28.7828
54.0295
45.8568
44.0133
20.2873
21.2527
28.9969
26.5348
54.6259
23.64
15.8031
30.8275
34.4229
20.7612
29.1614
61.8429
26.7628
28.8839
33.3194
22.7192
38.3228
21.2618
19.5597
32.0959
37.3558
19.0949
35.4893
34.1507
32.18
28.4224
27.0757
21.3199
17.8312
13.7188
31.6402
20.229
39.2029
26.6719
21.7762
30.4407
44.873
27.4069
24.3091
31.9462
22.9087
18.1924
43.8402
41.5187
19.0387
27.437
24.6567
13.5872
32.087
18.7573
27.9873
25.7256
15.9844
31.0815
32.0041
26.1858
26.6359
20.1344
15.681
30.3077
34.405
36.0123
25.6482
21.4219
31.0156
32.6031
30.4058
38.3538
21.6082
26.0928
18.8936
13.6716
14.4457
18.2767
31.8447
31.4536
14.5161
25.3054
35.1665
35.3183
23.6182
16.9584
21.6267
26.229
20.3335
23.8375
37.4965
30.5792
24.7241
18.4264
24.2337
35.0508
27.202
27.9843
70.629
38.2975
26.6962
21.2642
21.6263
26.7644
34.3061
25.3001
32.3389
59.8009
33.9775
17.9576
29.1131
24.7005
24.1819
37.0071
35.6768
18.5567
68.8747
30.0497
27.9603
21.3645
16.8714
26.1906
21.1141
30.1866
32.0748
29.1549
29.9209
36.7262
27.8652
34.765
28.6907
19.8903
18.1218
16.6128
29.6536
48.0278
30.662
56.8853
63.2315
17.4808
28.5567
35.3169
38.9524
47.36
14.2795
15.5698
44.3888
29.1732
22.7616
22.7524
52.2382
14.7185
32.7134
36.8907
47.1998
18.6193
18.9191
31.0216
17.1208
28.2781
26.3128
24.5023
24.2588
17.2298
23.0458
30.9608
18.6836
13.8328
19.696
38.8897
22.9772
24.7797
18.9952
50.9998
26.4454
26.9013
27.1963
24.8366
28.5857
16.6708
37.1478
24.2859
34.0339
26.5314
28.0239
34.1553
21.3654
43.1812
23.3327
52.5355
22.7143
22.3798
28.7279
15.9768
22.7838
29.2921
39.2945
45.9468
20.1273
24.4762
25.8503
20.6798
18.4554
21.0028
34.6826
17.6387
20.2154
15.9975
