46
55
37
44
42
49
55
47
52
52
45
42
52
47
52
53
36
52
51
43
50
35
36
50
39
39
46
41
36
35
35
42
51
48
48
47
50
54
40
48
39
48
40
37
49
50
40
46
41
40
38
38
53
45
38
36
48
53
50
47
54
42
40
40
45
43
37
48
40
54
42
46
43
52
55
40
52
36
42
43
46
41
52
52
45
41
38
37
38
54
53
46
49
54
55
46
39
51
46
50
42
45
47
51
47
38
52
50
38
35
48
44
40
48
44
51
45
55
48
52
44
38
46
45
47
40
45
55
47
40
49
43
39
49
53
50
47
43
46
47
36
49
42
47
48
36
49
37
37
50
50
38
43
44
44
55
39
42
36
39
39
51
51
37
46
39
47
52
51
40
39
55
42
43
37
46
53
40
52
38
46
42
38
43
40
52
44
37
42
53
40
37
49
37
49
35
40
41
44
46
48
44
54
51
45
45
54
54
55
36
50
45
47
52
39
44
42
44
53
49
38
50
35
37
44
37
35
42
53
37
55
48
52
41
51
40
51
52
46
43
36
49
37
35
35
46
55
41
49
43
55
38
38
37
41
46
43
54
44
48
53
51
39
41
35
47
50
43
40
38
55
49
45
43
52
35
55
43
40
48
55
43
49
54
41
50
53
35
36
49
35
55
45
42
38
49
53
38
42
47
53
54
45
38
46
38
36
45
51
39
53
36
44
36
40
44
49
42
44
35
35
44
51
47
37
43
43
39
48
39
55
54
55
43
39
38
35
49
54
49
38
36
43
52
35
53
35
39
49
44
54
37
47
50
53
38
41
46
41
50
54
50
42
50
36
38
46
49
43
49
55
55
38
41
51
37
42
37
37
43
54
44
43
52
42
54
47
37
40
53
39
38
46
55
45
44
44
44
47
39
41
41
41
39
41
54
47
53
45
44
53
36
42
47
54
44
52
47
52
50
45
45
40
54
44
41
46
51
47
48
46
49
41
39
35
46
47
44
49
43
44
52
39
38
55
37
41
37
49
49
37
55
54
51
46
49
55
38
42
46
35
51
51
49
38
54
55
38
40
54
43
52
52
39
42
50
47
47
44
54
40
49
48
49
40
41
50
45
37
53
54
43
51
38
37
46
38
38
48
54
37
38
47
44
55
39
38
49
43
40
54
53
38
41
49
54
35
53
46
42
51
53
37
40
45
55
49
48
35
47
51
43
42
52
37
50
49
51
43
41
40
42
41
38
35
54
44
46
45
42
38
51
43
51
41
50
48
35
44
38
52
42
53
40
52
45
39
35
40
45
36
41
48
48
41
52
50
38
37
52
45
49
52
42
37
49
48
37
42
43
48
52
48
49
36
41
40
48
53
37
39
44
46
42
55
51
42
43
40
47
44
37
55
40
50
42
51
53
45
50
36
36
50
39
53
40
50
41
44
35
45
42
40
55
42
49
41
50
41
54
41
40
41
42
41
41
53
55
51
48
35
39
42
48
55
48
52
52
42
38
50
43
35
54
40
40
35
43
35
36
52
49
38
54
44
55
36
55
38
47
54
46
53
48
42
35
47
35
50
40
39
51
50
49
50
40
40
49
44
39
45
48
54
41
45
38
37
38
44
41
39
42
40
35
47
52
53
40
42
46
54
37
43
51
40
44
50
37
35
53
49
49
54
43
54
38
51
43
55
42
36
43
41
42
40
51
52
55
47
36
53
54
41
51
42
43
37
51
41
40
46
45
47
43
43
45
49
48
43
39
40
40
51
44
50
52
51
46
55
55
45
43
41
52
51
36
49
55
41
39
48
54
51
36
37
41
36
52
41
54
43
54
43
51
43
36
54
37
41
39
46
48
47
45
45
42
44
40
38
50
42
47
53
53
44
35
53
36
52
52
48
40
42
51
50
50
43
48
48
52
45
38
46
40
39
52
42
35
46
47
54
48
51
47
48
55
36
51
44
39
53
41
43
38
35
37
55
52
51
47
44
36
40
35
41
47
38
38
55
52
50
38
50
48
36
42
50
42
46
41
50
45
43
50
53
53
45
50
36
44
50
40
37
43
47
54
35
35
50
37
38
45
52
53
41
38
36
36
41
39
50
38
48
51
51
54
54
54
53
46
37
41
52
52
42
53
36
43
35
49
44
50
41
42
39
47
35
50
44
35
40
43
44
40
47
54
39
54
38
40
52
38
55
46
39
37
44
46
38
37
55
39
50
44
49
55
40
35
44
46
43
54
52
52
48
52
53
51
41
45
36
50
43
35
50
39
42
50
50
38
