736
239
476
2021
2639
443
2909
1322
1802
2504
2105
2673
511
973
899
626
447
2297
1063
2704
690
652
917
2638
1530
2580
2683
1102
103
1494
258
38
2702
2329
1672
2125
2900
1523
2572
2218
524
2030
2021
843
2741
164
851
888
449
1078
2730
2745
1197
2645
476
2522
678
2246
1715
677
1027
812
1168
2149
2095
151
418
2313
169
1196
1057
119
155
2310
2732
2770
2269
1182
2308
1542
2842
2250
807
182
415
2871
1978
238
946
2506
1263
55
2776
2052
62
704
635
1680
2884
2642
2635
1693
2004
1517
1431
2743
2046
1984
1010
379
1185
1791
751
1538
2150
1408
2837
2137
2297
1496
2295
471
726
2807
2007
1215
4
1613
1126
1917
1136
690
2200
2234
1454
2608
2879
954
955
572
237
2294
1111
2399
74
1618
1321
953
2763
876
2567
2199
1821
42
2688
973
1316
2488
2059
329
543
2158
1458
2763
2144
1500
2666
1477
985
1027
508
1110
250
1871
913
2726
1539
97
1670
2567
433
1944
2575
2447
832
50
242
1736
2163
792
2818
613
2875
2086
1296
1159
1813
595
1792
894
1551
2797
1481
570
541
2899
875
1384
48
1208
673
1265
386
1564
110
1592
1063
680
1846
914
1908
2526
329
1527
518
2573
1120
32
2705
82
1713
2393
2246
540
1412
2176
2922
2534
2573
1345
803
2134
1460
1442
1084
2004
835
382
1880
11
379
82
723
1695
25
1061
1936
1896
961
893
2386
314
1328
172
1166
1906
863
420
2304
519
476
1377
54
100
1457
2056
2485
1373
2486
1617
273
2912
1118
1468
115
655
2537
2217
873
11
1236
2450
1066
775
501
2505
126
580
613
1974
1684
1987
1871
2464
1059
102
615
1566
1106
859
1291
1093
83
619
17
1369
1441
1549
1389
341
720
533
1760
935
457
1064
717
1439
2028
5
678
1814
2922
2801
683
1058
1742
1903
1907
2704
1546
1109
863
1603
2614
211
1811
2495
1793
2690
2926
1884
2826
2339
2569
1467
1629
2877
1951
2274
650
2007
1787
1496
1634
1250
1182
1099
457
35
2432
1614
1671
1904
505
2717
1033
737
2400
1791
583
2505
290
38
2711
2036
628
1093
2041
1443
2343
833
241
54
775
2244
1192
1010
207
16
2566
2567
1818
1184
1171
11
321
1948
794
2596
213
2617
2506
1355
104
1739
271
713
1519
2450
1308
670
1653
102
2021
987
1119
335
1195
2744
1975
2231
1679
315
2877
1498
2059
715
2528
1989
2339
1121
153
2238
2068
2351
893
498
1266
154
2156
2739
711
961
934
2316
2365
650
2565
603
601
320
2944
2694
1214
2902
2386
2964
2575
2340
1085
1326
613
1231
432
1696
2183
2302
171
1101
683
38
1979
2612
1214
2181
2529
2051
879
1510
2283
2610
28
1888
1025
547
2548
393
2612
223
315
197
956
173
536
307
2447
1869
1996
439
2341
508
2832
1397
483
2881
2809
853
1511
2027
1213
1624
2933
146
2745
725
1678
116
1064
1823
115
2893
467
1079
1978
464
1035
2681
1721
1319
2643
1219
1736
1021
919
196
20
1226
1387
2018
7
760
1520
2707
1301
1985
2155
1102
2599
1191
2616
2105
240
663
1810
2181
2806
2897
2288
1852
2398
1572
1323
158
2706
413
765
2479
34
2400
1417
1120
1765
1127
380
1736
161
2565
2384
1145
141
2654
970
139
2294
674
2154
487
424
1327
2097
1072
2423
1510
522
959
2169
1144
2690
165
2662
1929
140
2118
133
2290
585
2474
1849
2580
1310
1406
512
1816
35
1940
2514
1660
1625
843
1837
2533
1331
1819
2923
343
2078
859
1461
1798
1677
1511
1039
1431
242
2668
1280
1846
1898
818
27
2717
1442
2062
10
1169
1183
2692
2790
2847
2180
2607
1176
1185
2106
498
1790
730
604
9
81
2520
2523
157
213
536
311
51
1301
2244
2368
2908
109
1024
1516
2420
1993
1637
286
1569
2108
489
2002
815
2265
1746
1202
472
2901
2035
2088
330
2277
2048
1725
641
1997
1346
1093
2535
384
1890
144
759
1142
2129
2916
2070
2216
104
392
1400
2471
60
1925
2476
1656
2168
1590
358
967
1802
2818
1057
1405
1504
2133
1946
2166
684
50
555
502
754
548
2067
2559
1435
2598
2365
856
1106
1520
608
2648
1591
1151
2038
322
1635
1400
2603
2612
43
745
559
1662
110
1427
1274
2808
1625
1912
1956
1626
690
276
1226
227
1093
1
1488
2672
2339
1975
1106
1298
2145
1697
2464
526
1547
1986
1945
2496
386
2563
2920
2115
2272
1173
2618
2283
1479
2197
1530
2220
2480
2546
2050
2418
444
2486
368
1368
2567
161
401
2901
2404
1479
414
225
1901
2661
2876
936
855
1806
2463
488
1933
397
2429
2300
677
1545
440
2369
2207
2600
979
1820
1793
1949
2364
1816
134
1658
2619
302
2715
405
574
1466
1615
365
2186
1267
2598
95
2356
2053
1180
1357
984
1166
467
2426
1946
484
1134
1875
750
398
2004
1170
1070
469
708
454
892
564
1442
866
1814
1825
1006
1521
156
790
995
1369
2100
1355
535
1791
2382
374
1601
571
2677
2197
2415
91
14
2643
1393
1793
1726
1654
2626
20
1890
2079
2545
992
2138
170
2606
1291
1881
2623
643
2834
819
157
2405
2504
220
1143
2519
123
2013
2741
1705
32
428
1411
109
2345
469
2099
510
1622
462
331
1908
1721
1975
2918
1452
1681
798
1052
860
392
61
2008
2030
2091
645
1785
2313
1127
2085
1602
2640
2274
2692
1143
1750
2856
1623
2789
2074
1514
2526
2225
1175
2366
1868
2792
394
2000
758
1945
799
1653
1160
2527
2466
70
2102
12
2544
19
1030
2855
1196
2384
1945
242
1513
2872
79
399
2588
1981
2018
2700
2479
1923
1166
64
1374
2476
703
2168
101
1067
1787
1754
2401
1983
1095
341
2786
827
2863
2805
1821
2288
280
132
355
970
2374
1461
1522
626
646
44
2346
1543
2297
2391
1635
1129
273
1447
1365
1334
2196
1677
2411
2767
915
267
2448
1498
2333
2346
1139
1536
1304
1966
2847
1010
2319
2272
394
1083
813
674
429
1244
892
772
636
2006
297
2690
2078
1056
1940
1793
1668
586
115
635
1427
1809
2211
697
954
437
430
1023
1864
2587
2735
747
2286
1974
2819
2661
2633
396
1264
2319
2363
1512
2627
2275
2362
1644
522
745
1561
288
1234
2343
2741
401
1931
1170
1503
54
2657
1367
2464
2182
2281
1858
145
2680
2553
678
364
364
1256
1108
503
2407
1410
2896
188
2881
2506
1270
1908
1384
1745
2893
843
1360
874
298
2272
1881
2810
863
970
740
2862
178
1155
209
2363
1143
12
1868
1137
1400
2652
2115
547
880
2415
1272
554
1630
1126
1344
471
2804
2366
2202
522
1012
1182
2072
2173
394
2922
1687
2550
297
1384
725
2820
1642
2523
1856
963
2490
510
1780
1669
1504
1245
1077
1439
1219
12
862
2697
2653
2409
1945
1979
2428
842
832
253
736
2327
1551
1840
2830
2572
2748
2721
2450
2751
2067
2885
2823
1993
10
2161
1207
1385
148
2508
1377
592
1555
75
2579
2159
2251
2844
1499
2946
1593
547
2557
2247
1982
1180
458
1599
2097
1393
1100
2455
635
115
1478
1921
2096
2903
1921
1447
964
727
1114
1020
2503
592
2942
2
850
670
252
1860
2451
1646
654
301
1018
2952
2143
525
1113
2809
451
99
810
2946
2611
294
2559
34
2834
695
2726
1580
1556
1006
577
585
703
901
588
705
1351
2563
2585
39
1406
34
1493
594
516
6
256
2744
783
398
2237
382
2286
1636
1619
2410
2863
1517
370
1284
1663
2316
2463
1033
2261
924
213
2547
517
66
1277
2621
2030
2676
2629
1990
1357
2422
86
635
1941
2958
131
1962
988
11
908
2456
815
534
208
951
2341
2017
287
649
1232
2391
1287
1967
525
2963
1853
1673
125
564
2679
2137
211
21
2247
398
1187
1286
1414
1867
1148
591
2485
2348
1483
780
1488
1972
2500
2357
1590
2132
672
1854
777
119
2479
985
2306
210
1747
1014
2050
2074
2641
2088
2882
1044
952
742
12
2464
71
1381
2912
1993
493
2324
14
1908
2503
1216
176
315
402
2445
1262
1076
376
80
892
1617
988
302
672
2138
848
1189
1693
2118
1245
1902
902
146
2443
1779
2631
2816
2423
2922
2145
906
1207
1490
1805
273
2933
1364
1551
1949
1030
2320
2879
1902
1053
301
2935
2289
506
1002
2262
1551
1644
1719
2160
2457
2718
275
2515
1172
49
163
2070
1539
2051
1707
1792
1523
1942
1899
1952
131
860
2609
2106
568
1745
405
1060
1946
2329
833
2674
1428
1616
1087
1382
1580
2732
43
1392
42
366
1013
1733
75
547
1791
1155
2297
2852
1898
2949
545
1027
375
2062
1764
2924
500
1115
2954
2884
1880
1768
1564
685
899
956
1179
2319
221
1482
958
1698
1238
2106
1133
2883
1082
1992
1522
2251
2498
269
2468
533
226
735
949
1379
464
2268
852
32
1133
1778
2964
1068
2044
2461
1580
2937
1504
2632
219
2589
2033
717
65
1228
152
1396
1951
2219
2029
1181
1343
325
2238
325
1192
2845
667
2878
2661
1488
274
2890
1399
2072
460
907
2400
1733
383
2647
1242
819
2773
49
576
1881
1953
2486
1759
2093
2113
290
1296
2479
2120
2804
492
602
1800
663
40
2260
2870
2921
250
2897
648
2020
250
2912
1168
2724
2374
645
2340
1616
230
2887
1613
412
2947
936
1564
2918
2944
1308
922
2499
674
499
1423
1093
1894
1285
2193
279
465
2800
1505
2321
2724
113
998
1848
23
2759
265
192
1486
780
2405
2932
2774
668
2488
1889
277
1799
929
260
1458
1526
711
433
2095
1918
2295
2692
887
436
2578
2629
2386
616
1701
2566
843
1979
2332
1930
1157
138
267
451
1997
630
1547
1077
1891
1504
550
489
1279
262
1166
2375
2538
2715
2860
1352
2041
773
610
814
2953
810
1065
2085
160
2403
2629
2953
787
2881
2085
1749
88
2196
1495
416
1021
1904
2715
2091
1742
1736
1483
1238
2108
1216
2660
2206
1690
2744
1071
2334
2001
1665
1402
1332
582
1270
1332
1215
2199
1347
1153
1870
14
1201
2115
2164
2384
170
226
1926
202
2146
682
2392
1784
2018
2191
595
2407
1880
1352
2786
2493
2483
984
1992
2778
2297
2397
442
2893
862
1713
2050
3
2586
879
1839
1263
1022
2917
245
640
379
907
1339
2499
1952
545
1015
1040
2825
1969
250
925
1056
2935
85
2184
34
392
263
814
1785
1164
1316
2437
1641
1347
2553
1295
1089
946
1349
1967
1472
1663
1668
1516
2435
1666
2790
2044
1224
470
726
2147
2559
2883
1607
1351
620
2557
2134
1766
497
1101
2089
1333
2765
1474
1340
2940
2074
1668
747
1648
1131
2776
231
1652
573
2330
72
1679
1339
982
513
2064
1604
1473
1126
1220
1352
1308
939
2448
597
2374
2110
1122
1523
2178
2659
25
553
1979
793
806
1050
1435
1964
2055
204
1202
2260
194
1401
1868
1033
1483
23
1235
2857
298
2552
1569
138
1985
885
1134
2016
1162
2098
2227
1761
659
651
663
1636
1426
13
916
2102
1824
1348
1304
1891
1989
19
1481
2568
1158
1269
6
2389
1410
1303
2169
1562
1760
1782
1841
406
1673
2802
2855
1655
1045
2019
1356
887
916
2458
1856
838
2155
1860
1950
821
467
807
1794
2123
1141
1029
803
2486
2147
509
2422
636
146
2034
1459
2887
1264
1511
515
1577
2284
2801
34
2680
671
699
2413
520
1233
1216
1046
1662
1913
2324
1975
1494
1273
2539
2437
84
1454
3
2134
868
902
1684
1640
182
2203
2250
219
2919
2627
2105
981
373
2620
2252
581
52
2302
348
1190
1690
1778
2038
1352
1504
690
1436
2151
2259
1934
2636
775
2158
993
2389
2960
1884
2017
42
1703
500
2587
824
1149
2247
1478
2339
766
2802
2465
1480
772
1901
2631
1258
2706
2499
1115
739
2535
1202
1780
2096
1763
2942
463
1339
1791
393
2059
1495
1572
2662
1807
1141
2014
2682
1386
2170
2102
130
1087
2201
74
754
1972
363
2883
721
933
1632
1316
2211
2680
1020
2417
1667
1451
2449
2158
393
1904
1582
208
2771
212
604
1176
2906
1908
2681
260
2515
448
1719
935
594
1124
281
2349
827
951
1320
1565
2116
1581
1935
544
1082
2758
2855
1079
1723
1989
766
629
1460
2786
1510
760
1118
338
1898
948
2666
2123
532
1483
1229
2927
1341
1398
81
1274
605
1660
1142
2220
1333
42
655
2807
658
263
1361
1301
2695
901
2336
1952
862
1812
2859
1091
543
485
883
1056
598
1078
259
1863
1126
980
1687
2122
2406
2192
432
956
1362
2166
1846
2447
1505
15
329
1997
1526
1890
1453
2107
905
1177
2077
709
2683
1937
2422
872
1872
968
1967
2489
240
2201
1292
2682
1544
2349
1888
446
1427
2404
2343
2149
316
2525
80
1821
854
1655
473
686
1553
60
2204
2853
2895
2435
203
2019
495
1325
2175
1500
1652
403
158
1930
557
2715
1908
1898
495
2660
1662
1682
2524
19
2822
2504
875
1871
90
1170
1544
2208
1336
2822
1574
2563
1157
948
2133
1245
257
2538
2621
305
1371
1267
308
490
285
1287
883
2198
1966
766
32
1264
2626
874
1678
1412
186
78
905
580
1617
561
2628
2901
2025
156
2713
1384
2602
1379
299
859
1612
1881
2953
2834
1023
1869
1178
114
1156
1380
856
1767
2722
384
278
2273
2638
2775
1285
2046
2654
2145
2945
1553
2195
1106
2084
994
878
752
787
1177
2188
1291
249
1340
2462
1669
516
2248
2744
1836
2777
1726
1328
74
2803
682
2585
1901
2167
377
1356
839
290
2876
2883
2415
1392
1543
2657
1444
855
859
965
2406
63
850
406
2863
561
2581
2850
400
1902
588
221
2480
2925
2411
453
2067
2183
2925
1807
1803
718
2328
1533
1667
436
2768
1282
2305
462
2793
925
1829
192
2169
798
2558
70
1179
77
721
1395
2161
2097
2596
465
1536
1620
926
766
981
2427
20
1285
1950
708
2325
472
1019
2054
76
2253
807
953
1881
2194
2226
791
2179
490
1727
1279
2786
440
121
859
2209
1226
1021
1603
1845
1931
2547
2228
226
2232
815
2330
1385
921
2282
2957
1748
2678
1401
2253
886
523
2143
1585
718
361
1978
150
273
2150
2052
553
1325
1685
1519
1530
1889
2422
2690
1469
2090
234
1445
1417
1069
2822
427
1747
182
1696
2179
2257
411
2779
2298
1680
1810
1080
6
1763
1470
2036
1950
2193
649
1336
712
901
381
2911
510
183
376
1243
434
910
582
2579
2252
392
1289
1467
1069
389
992
68
1497
332
403
970
141
1162
1942
523
2283
2280
2236
2697
2701
2191
2362
2727
780
2779
91
2048
788
2940
1231
853
1948
1288
2943
1244
2088
1356
2791
2904
766
680
2018
1375
1105
1966
169
1634
495
378
274
1920
2855
322
475
2817
610
2070
1012
2128
2877
269
1141
2887
1194
1494
1244
662
1010
168
2789
2179
2360
366
1015
76
1620
569
2818
2613
2502
2899
1341
1304
2792
1916
1645
1966
1637
359
975
1347
1136
2139
867
397
432
1627
2209
1393
2501
2387
233
2259
1859
420
1833
1164
1057
1445
1198
1504
469
2027
1999
2877
1329
442
400
740
1949
701
1967
1934
2508
2331
419
1047
1825
259
1022
58
2491
1570
2717
2714
2166
2959
1045
2859
1912
2499
1224
1264
630
2557
1816
2631
571
579
2911
1165
703
979
908
408
2079
2873
2397
2430
697
2482
2454
1076
530
1664
5
1767
2311
1634
1846
2617
748
663
2345
2684
2054
494
2205
2706
145
273
2791
465
2561
2634
1835
2073
1348
1857
135
302
2824
1795
938
851
1925
375
1742
2063
2881
2547
2857
1407
875
1117
340
2576
2406
2146
2309
1843
2802
2586
2331
446
1237
1770
752
2906
1975
2167
1078
929
722
1676
657
788
615
197
2540
1280
260
696
593
2889
2632
2140
2470
1517
1072
2229
2133
1802
2400
556
2956
1246
1713
1011
778
2229
2652
278
608
2817
815
263
400
2674
2886
2819
2234
1849
1941
566
1815
1393
263
1042
1126
2030
2622
2143
69
1105
2338
1557
277
1329
1479
772
2930
1896
87
751
2293
161
2359
2053
798
2261
197
229
448
1723
1498
1469
1795
529
1013
413
2654
1839
835
587
1132
1462
248
138
895
777
238
2063
191
851
2512
1247
761
141
406
442
2852
793
2116
1555
2196
2788
1144
181
448
668
100
2202
999
125
927
638
2635
1180
14
1894
1978
804
1889
718
1882
893
700
1579
1462
2830
461
1437
22
63
751
2932
2891
2619
1359
326
1187
2074
1633
964
1919
159
125
2180
113
1752
2552
2723
481
1277
530
2058
235
750
893
594
911
371
1186
2584
1447
934
390
18
704
412
1384
27
47
1776
1480
2961
1246
1233
1331
581
1655
1433
702
675
1713
393
708
2939
361
2006
604
2583
842
1348
6
2345
2636
2019
2681
1823
2317
2256
2345
965
2325
149
1762
1459
855
475
2256
201
1553
1335
1792
1559
1549
603
295
1300
2304
374
142
1809
2780
818
1998
2741
2756
1329
376
2552
1854
1202
1168
2941
176
2733
1793
612
1755
2562
192
391
1542
2626
1946
1811
1582
2851
1359
1275
1697
185
629
457
1452
1384
1940
128
2328
2860
1535
709
1956
158
2591
88
1109
797
1051
1126
1778
1933
2883
1261
598
275
412
23
2699
645
2092
1822
632
2699
223
559
759
850
2430
838
2895
1444
2687
573
1923
1017
1224
1957
2128
2956
2298
2573
1015
2885
1849
217
2507
1161
2855
2378
2285
806
2246
2658
2552
177
366
2519
276
1277
2023
2902
770
1190
518
2162
514
542
2125
1231
932
98
2860
755
2310
2604
2355
1516
2690
36
2913
90
311
2389
662
963
2706
2882
192
332
2660
580
998
1982
2344
2641
933
1718
1878
81
388
77
2337
624
219
2683
2041
2209
2659
1277
562
765
972
853
2466
143
538
929
494
2858
1300
2171
970
931
1197
92
543
633
1269
934
1058
2603
1884
928
493
1133
749
2704
1805
1797
2418
1814
2648
847
210
2664
1878
2126
1199
1083
2431
934
341
253
2711
2503
583
333
512
1751
1984
366
1287
347
2189
1536
2261
1081
2745
2759
193
2434
704
429
1519
802
1497
2710
2826
2544
730
547
909
1284
2693
804
191
1323
1480
141
25
122
1064
2726
2292
1829
1731
81
548
2781
1371
1508
850
547
458
1112
2949
1043
2403
501
979
349
1737
2323
1365
1395
2527
352
2961
803
2500
671
678
2606
2416
1025
626
2201
2662
934
1463
2344
1171
2567
1287
440
1234
2349
1554
2037
1646
499
2500
1711
2954
952
1531
1932
2903
711
2085
2519
523
1037
2126
152
1543
2289
1193
708
2766
824
2761
2194
921
2651
1598
1290
1186
256
1867
1016
573
434
1978
2240
1543
785
2798
821
1277
2719
601
776
737
449
2086
2039
39
876
2592
1341
2043
2672
908
1027
2685
797
1175
1092
2661
763
552
869
856
24
1860
2128
2650
512
1655
1149
1521
482
346
2697
670
2332
2262
2455
2783
2195
2556
329
1889
1260
1796
1052
123
998
1835
1770
1658
1168
1552
1903
1691
1310
1583
2857
1450
2867
2033
625
1411
1786
315
2699
2702
1318
2417
1408
159
1789
1896
1282
2624
856
651
1076
1711
343
2382
1432
1339
21
452
1026
2433
2559
2843
949
278
1960
2141
2447
2504
2248
1758
1760
2210
2014
211
1599
659
488
393
378
201
722
2446
2764
1265
1539
751
1623
987
1896
115
1130
2764
905
1195
1127
724
1709
2031
981
258
2275
2587
2646
2220
566
585
183
1079
946
906
849
1514
216
1492
1906
2310
2861
595
71
1446
270
1302
2036
2524
2054
220
2660
171
534
2286
2175
2478
1633
175
849
1721
2764
283
2609
1175
2377
2464
1618
364
2912
2010
2916
2108
2104
1897
1558
2320
1394
33
163
2039
1359
321
835
363
741
1550
12
2473
1748
410
1387
934
9
364
2524
1847
2855
755
265
1004
624
195
1534
1705
2185
1630
306
2137
2894
1915
1372
1634
2584
1691
1124
2296
2096
2785
552
2765
933
2547
2666
2457
2569
2585
2688
208
2940
2946
1098
516
1237
2481
1954
1975
2084
1826
1046
1313
348
2216
2029
2285
2921
525
1235
2598
1997
588
691
2748
2128
2667
762
1396
64
833
2461
440
2058
681
1317
1166
878
1016
2666
1320
2937
1012
747
1824
1621
2665
1524
1836
1225
1864
661
2421
1558
2934
18
2792
1537
2401
2589
834
981
2041
1096
796
1623
214
2543
685
2689
1321
1558
1426
2272
796
959
1442
841
250
2265
1912
1966
1315
21
2169
2816
704
1303
2939
647
2514
1373
2286
2382
2473
864
2489
2901
1490
1596
1328
1180
556
28
1179
2244
1755
1400
2791
1128
2038
294
839
2382
2839
1556
679
1978
629
957
751
2940
921
522
266
2081
1888
965
1617
2562
628
2678
1805
512
360
1842
2750
1731
1289
606
1328
757
1138
933
727
2034
964
2540
1637
2266
1895
1697
210
2194
271
2098
229
1451
1398
492
2842
2727
2586
2723
1891
2801
106
2255
2706
1435
2185
1203
159
1234
410
10
550
2637
2025
2035
1564
1398
1094
2845
2327
274
528
567
135
2456
341
1392
2746
1907
2728
2754
614
1699
189
1852
741
1253
928
1186
1317
2017
1265
2627
2902
1973
2435
229
1833
815
2591
484
2510
1200
623
740
2960
1887
1382
2541
1039
444
1971
2124
1690
177
2194
1272
2962
600
2353
164
2467
359
2519
1434
1478
304
1521
2056
2246
2713
2226
2939
2583
2255
2241
2630
1056
2893
144
2708
224
832
691
2132
1503
2293
2637
1539
653
394
1865
2006
196
2504
1541
1483
2317
2688
872
1726
1861
496
2954
313
1238
2717
925
2103
1011
979
1505
716
656
1796
2015
1750
1289
837
2021
2749
406
1233
584
17
1707
1287
2487
968
2729
1515
1863
339
1129
1000
28
714
1111
1052
80
1922
2081
311
2805
1045
2853
1580
2111
2062
880
558
1874
2747
245
2582
1889
813
1110
1502
1644
1927
345
62
2039
1269
2717
1940
1579
2758
1378
849
2897
700
2118
542
2245
2303
1562
92
393
1825
2489
1688
2113
1576
1155
461
2857
608
328
2603
2089
2503
2013
1288
1860
2766
1635
1953
1616
2482
1867
2088
501
1311
863
1587
2013
2663
583
2359
1166
2070
338
1594
222
2793
1642
1282
23
40
44
2331
2321
1061
2721
763
1081
1405
706
759
1263
1577
95
813
1095
1826
106
992
2684
844
1404
911
2765
1337
2888
1694
964
296
539
2577
1732
1036
2504
1326
1701
2111
1073
2629
2211
1639
1842
1142
31
1464
1808
823
652
1937
2708
183
2402
731
2381
2450
2488
279
2376
538
908
391
2767
249
311
889
147
1312
285
676
1761
839
961
2791
2751
714
928
981
2207
2639
204
2793
2054
1017
501
499
2686
525
879
347
1488
563
937
2854
1712
1743
61
1310
1793
1640
2772
721
746
885
1888
41
2373
970
2224
1498
1925
2681
1062
741
2142
342
626
1344
1160
2860
251
2141
2166
2325
2796
1752
2779
1675
1449
2339
202
2255
2374
508
238
867
2751
1717
2028
707
244
1147
2408
2489
707
2641
2278
1034
868
1062
421
1714
68
970
1652
387
361
2736
5
2581
2096
2836
2042
730
2712
660
2938
1696
1427
2456
1468
2769
1399
1406
1810
2959
1842
1826
1181
1452
993
634
2922
69
1889
17
2372
2091
387
2625
2405
425
1554
2626
558
1154
2174
2185
2651
22
523
1641
2497
1208
1099
357
2226
723
1032
1975
2094
2693
1301
767
2876
423
1299
466
2381
875
1763
1088
1534
2054
2290
188
2900
2778
171
2692
2231
575
2600
2913
2387
216
1380
1899
2619
1152
557
2132
767
1502
481
2061
417
1013
1905
2322
1458
2136
1600
491
802
1653
2777
1059
2797
1821
432
8
2551
1516
1114
1982
463
1285
195
1261
2279
2227
1992
2797
1255
485
881
2209
2099
2723
1012
624
1109
662
506
126
1632
1490
1602
701
2286
1678
1452
253
860
196
344
2602
571
734
1627
2290
817
1448
117
2963
2918
206
272
1594
2776
2173
1475
1252
1925
397
771
2631
1988
61
2578
1472
1505
410
2916
1204
1313
1889
1395
597
2685
1404
2222
2634
1297
1271
2013
2749
1076
1987
251
656
430
1266
11
1994
2930
112
2085
1156
486
982
248
1584
2811
2105
2240
200
2133
2165
2194
1973
2243
963
2673
2962
687
544
1544
932
2157
1646
473
2692
2584
1428
1196
2259
2072
2137
2856
760
1830
1133
309
375
1229
407
1319
237
1870
1554
2930
2340
2667
471
1246
1032
2535
2906
1581
707
1801
1689
1619
1669
1938
2617
501
110
2151
662
1861
632
2484
2349
2481
1607
2398
916
2910
1568
2195
102
122
2054
43
2071
849
263
1821
2462
1329
470
828
2246
2264
995
407
1186
2243
668
1600
2328
2192
2486
1380
2531
2651
1604
2153
1259
1408
1207
2304
2486
2099
2269
1077
2081
1794
996
2249
1400
2579
237
1618
1241
2337
678
69
2062
813
1452
901
2511
2200
2332
1558
2227
2423
944
856
2457
1946
2321
1553
1209
1829
2963
2832
863
2943
669
2247
936
656
1317
2512
156
2626
291
523
2619
2084
1766
1771
306
934
1998
2762
521
2863
1665
426
358
967
1543
2586
2461
467
2439
476
2174
895
2373
404
1806
2200
381
444
898
1814
2917
1529
75
23
2042
2378
1167
1429
75
2425
2272
1528
1166
1871
622
2524
1823
2443
2564
1922
294
285
1470
2488
200
1722
153
1946
1813
331
694
2738
2313
371
2044
2387
877
2287
2736
2146
1139
773
1822
1533
1432
1995
117
2636
2708
1124
327
505
543
1367
1218
275
483
2146
1191
2326
1742
2558
2801
365
1182
94
1164
1900
1942
2784
2922
2404
602
1815
2413
2648
2446
2126
2887
820
838
2245
2478
2337
2894
1590
860
15
2861
1237
2738
289
1535
831
2175
2544
1792
1428
467
2929
653
1119
225
2220
25
664
2862
977
212
2680
1219
1072
1638
526
2753
813
1927
382
1082
2564
1266
1677
1807
479
396
2112
784
198
703
2302
2671
82
139
2355
156
2961
531
1482
1341
1305
426
2669
178
2647
1695
68
663
646
99
2187
37
748
1379
548
857
1399
1950
428
1023
424
296
968
298
2741
1855
1259
2401
1092
336
31
1305
1784
1841
2829
2620
2206
126
2165
22
735
1157
1317
2561
597
43
1017
886
1014
2712
422
2917
2122
2678
1767
214
1467
2949
417
1962
29
841
1286
1948
353
1372
2820
2937
888
2193
2347
1360
1913
1250
2372
1898
2747
2558
647
2900
204
2798
2536
1319
2251
1285
633
2381
1763
1533
1008
36
919
2680
1326
2308
176
27
1227
2204
694
1034
2720
1438
1836
617
313
1267
459
2589
456
352
1780
1637
369
562
1923
1138
2556
28
2330
304
172
1211
499
948
2649
2926
1243
763
992
2091
1683
1697
2426
1807
583
1446
550
1517
2181
2583
1291
1362
2250
2420
609
2613
147
1056
827
394
1499
449
2701
2431
2128
2482
1982
734
2836
1571
1021
2056
1976
64
763
249
823
961
1492
961
420
1588
1688
566
1203
1067
140
1299
247
79
917
1021
512
1485
455
904
1299
1996
2633
1076
1063
1899
2268
1988
881
969
649
2790
1719
971
2944
1793
2872
2000
343
1668
2795
554
862
95
314
2740
2860
1275
2381
1255
1838
357
456
185
1650
2067
57
2652
1323
2695
1201
243
1867
2796
1896
1447
833
545
803
2816
2368
487
2733
2678
2943
2578
2429
1934
919
45
1344
2187
1994
2475
430
438
2661
1017
1101
425
2096
2612
1493
2339
2053
1549
2729
1017
2030
927
990
2923
687
1912
1458
1470
2675
1880
968
2305
1210
1175
2950
2073
1083
642
2585
434
726
680
1484
1506
1989
605
1008
72
1639
2490
1927
2729
2621
653
40
1430
1224
476
2161
1311
1038
289
2858
2297
1772
1937
30
162
661
362
582
381
2921
2677
1246
2276
2761
2384
2659
642
1380
2322
2750
1704
905
1488
523
2935
351
1920
1895
1943
901
521
1723
411
479
1430
181
2593
1536
2458
1289
543
1663
2056
214
406
1967
2234
1981
2578
2522
2707
1989
938
2833
2824
1091
405
1513
2291
2936
1768
434
447
776
802
1619
1076
1574
2799
2949
1928
85
1077
1710
1784
313
460
2181
1287
1135
1170
541
1859
2153
1589
1099
1845
601
1349
2056
2752
1091
314
354
1333
1289
1755
746
1321
1835
774
98
778
2923
2194
2219
894
126
59
1606
938
832
496
2927
2623
2081
19
2466
2091
2553
1317
2453
530
849
1527
2446
2069
2757
1445
2797
1970
1180
1592
1765
1281
1467
706
2179
1067
826
913
170
541
1989
1560
41
1435
74
463
2910
1765
2086
1676
701
1102
65
2249
1816
2304
2409
904
848
1855
2086
2397
832
865
424
2702
1392
2681
245
265
2653
202
1438
2621
2823
2815
147
2030
787
157
1457
886
1046
80
2147
2920
898
2277
1788
892
319
1799
889
1623
637
186
2890
1813
2788
2345
1438
2408
575
294
2306
1503
1953
1090
13
2810
1778
2581
1145
2900
1970
996
1073
162
1375
22
335
2554
863
2312
2440
2292
475
819
474
783
233
1786
1321
1568
2165
2273
346
1850
456
2130
2279
1697
1593
454
2491
361
2276
1137
2625
293
398
89
1642
669
2454
2436
1996
2951
1365
1805
956
2249
433
2418
2035
1988
2881
1767
897
1599
1022
1937
778
2659
797
767
1766
2933
1091
2257
2499
2685
2773
1695
1104
1601
2430
900
200
313
289
2776
1611
2646
867
895
2544
640
2216
1744
1596
1213
1397
1472
494
1407
1514
2050
2523
2880
669
2662
2600
1580
535
1684
1234
79
1413
1060
613
1437
1550
1484
84
1594
2631
2778
1271
1553
2207
2143
938
1212
2119
1050
106
1529
1665
785
118
759
621
2817
836
2228
2100
620
2767
2578
25
2828
2798
347
2940
1709
1298
1241
889
471
1701
1318
28
1025
1572
2009
1254
2817
719
1649
1056
2613
150
637
883
2213
994
1620
2952
2787
1371
482
2336
2179
508
596
191
2387
2638
828
348
554
1670
947
1165
2642
1078
943
2953
2507
2896
2340
1221
2238
23
55
1715
2500
230
1497
135
1040
2468
52
888
211
1611
2082
635
2881
1691
2450
2750
2870
945
2745
312
474
1187
1502
2799
650
1062
1845
2614
720
1459
2536
409
1553
1254
2089
1637
848
972
1674
236
174
1414
2215
816
348
854
2496
1267
364
2046
1907
475
285
1691
482
2466
256
792
520
1325
367
779
2768
837
2367
139
1959
1858
2507
1551
2175
2460
1549
1106
