3173.39
1963.33
2467.85
3251.34
2190.03
2685.83
2339.62
2312.09
1552.99
1782.73
2126.61
2173.62
1846.71
2889.32
2427.69
2475.37
2078.59
1988.66
2415.19
2578.58
2676.91
2207.88
2668.49
2058.61
2386.97
2184.33
2916.78
2633.22
2329.85
2937.41
3204.07
1685.24
2067.54
2677.92
2034.07
1975.06
2604.62
2016.96
2590.97
2357.82
2034.52
2804.24
1959.43
2335.62
2574.14
2040.85
1817.61
2652.68
2605.09
1717.6
2582.69
1461.91
2554.63
2744.14
2437.07
2968.02
1639.06
2816.39
2781.11
1986.74
2443.42
2555.02
2109.47
2324.41
1611.71
2168.61
2916.86
2136.29
2650.05
1354.86
1997.58
2667.55
3114.18
2594.39
1863.26
2112.03
2324.92
2144.55
2386.2
2354.53
2681.81
2512.68
2876.57
2117.52
1953.13
2902.53
3208.07
2758.42
2781.16
1814.12
1897.28
1934.01
1689.12
2194.53
2452.16
2488.72
2391.05
2227.58
1665.19
2110.4
2624.8
2124.38
2317.27
2860.08
2248.84
1382.44
2766.49
2216.03
2813.41
2460.66
3231.61
2984.43
2096.39
2216.81
2800.49
2077.23
2596.15
2814.8
2420.97
2910.99
1890.48
2487.1
2275.28
2170.13
1920.61
3551.89
2977.12
1736.35
2823.61
1571.31
2661.89
2049.33
2286.41
1435.14
2616.89
1329.65
1636.49
2872.57
2067.72
2645
2725.53
2371.84
2723.12
2893.06
3486.7
2096.01
2454.88
1803.11
2500.64
1996.94
1863.02
1477
2999.05
1836.68
2207.03
2477.92
2109.53
2232.31
2114.43
2043.99
2702.97
2244.09
2969.99
3194.98
2033.37
1600.14
1984.31
1734.63
2520.25
1695.92
3288.48
2177.28
3135.65
2270.86
2115.98
2618.59
2416.55
1901.37
2595.59
2164.03
2186.28
2381.7
2111.66
1919.21
1790.52
2962.76
2106.72
2990.81
2115.99
1902.81
2395.37
2864.92
2016.51
1767.91
1770.95
2577.96
2605.84
2470.18
2360.11
2717.62
2511.54
1972.25
2917.88
2001.04
3013.43
1793.21
2332.4
3019.28
2479.53
1849.46
2031.16
2147.01
2790.97
2020.28
2254.03
2430.74
2679.54
2499.25
2713.28
2449.53
2172.32
2205.75
2488.88
1727.55
2382.89
1997.5
2947.71
1847.06
2964.07
2572.95
2403.2
2826.84
2619.19
2515.74
2709.29
1679.35
1907.23
2854.55
2838.23
2177.19
2872.74
2840.7
3012.82
2304.18
2047.06
1745.9
1637.27
2850.9
2132.49
2798.37
2603.21
2929.81
2718.13
2018.66
2147.86
3245.55
2854.22
2964.12
2213.14
1815.21
2585.48
1297.27
2777.52
2725.86
2150.07
2044.93
1891.08
2841.38
3088.22
3016.39
1846.83
2086.41
2356.03
2378.05
1859.15
1757.59
2808.57
1903.91
1972.68
3007.22
2314.12
2549.15
3237.65
2153.47
2399.89
1963.5
2250.37
2533.42
2818
2557.19
1714.22
2638.99
2137.84
2699.26
1974.86
3242.07
2782.39
2340.35
2595.64
2505.89
2538.18
2708.61
1468.02
1486.45
1639.96
2923.57
2288.2
2540.68
2488.29
3183
2417.91
2619.36
2717.79
2290.92
2866.11
3073.26
1945.33
2926.63
2061.33
2739.7
2845.8
2203.97
2490.41
1833.02
2994.21
2418.34
2092.35
1541.47
2049.1
2277.28
2648.51
2278.34
1860.06
3038.24
1721.42
1695.07
3803.66
2407.54
2232.39
2741.1
2122.45
1895.5
2598.7
2305.39
3316.7
2775.08
2717.07
1503.35
2763.35
3091.28
3319.16
1890.49
3035.86
2325.23
2593.38
1859.63
2337.64
2528.49
1988.03
2824.8
3238.67
2405.67
2496.88
2800.62
2181.7
2570.91
1964.26
1877.82
2129.59
3186.65
2730.54
2465.26
2418.93
3060.09
2318.1
1923.63
1813.56
2776.86
2586.87
2291.01
2662.88
2618.96
2788.59
2135.37
2462.53
2167.07
2858.55
1898.73
2120.32
2692.46
2171.78
1943.93
3278.88
1735.53
2751.7
1943.7
2137.75
2778.74
2630.74
2209.6
2040.17
2231.42
2475.04
2463.21
2605.32
2027.92
2114.05
1478.74
1628.41
2675.38
1835.66
2431.41
1651.29
1925.67
2857.19
1879.38
3061.56
2194.95
2736.83
1893.51
2298.74
1985.86
2310.2
2037.37
2436.18
2898.59
1663.31
2973.99
2646.39
2065.92
2824.97
3115.76
1613.22
2628.79
2782.64
2135.28
2387.22
1624.69
3331.49
2512.95
2049.78
1835.83
2783.1
2012.24
2575.33
2204.39
2995.91
2125.47
2680.13
2171.86
2534.36
1745.38
2240.14
2406.69
2590.83
1488.39
3016.69
1850.7
2310.72
2671.81
2824.88
1958.97
2845.72
2595.63
3090.17
2428.36
2435.76
1755.14
2988.6
1905.88
2036
2591.14
1469.56
2871.64
2823.28
1941.45
2114.12
1765.53
2843.76
1290.38
3416.74
2436.09
3264.38
1663.45
1969.96
2269.24
1811.95
2226.32
2543.88
1799.09
1797.58
2288.96
2663.22
2013.3
1812.18
1456.05
3094.59
2969.03
1721.5
2364.76
2785.97
2973.05
3216.99
3022.77
2924.42
2713.54
2749.66
3555.55
2553.24
2379.72
2899.6
2222.34
2598.19
2811.86
3575.61
2714.82
3317.38
3197.78
2394.22
2675.92
2857.12
3096.89
2494.84
2818.09
3194.01
2727.53
3455.59
2442.18
3141.34
3141.09
2539.72
2957.48
2512.16
2560.62
3360.79
3334.55
3343.47
3225.41
3062.38
2740.48
3402.12
3212.49
3039.94
3077.59
3241.83
3079.23
3053.71
2627.01
2321.43
2968.62
2623.86
2707.77
3239.69
2522.63
2894.16
3309.56
3161.57
3003.9
3656.19
3254.57
2859.4
3254.74
2769.08
2874.01
3634.18
2976.54
2733.19
2738.61
3357.41
3137.26
2673.75
3079.8
2629.22
3435.27
2891.68
2342.31
3015.06
2985.03
3526.39
2497
2504.7
2674.29
3342.37
2739.63
2846.22
2343.28
3145.85
2827.36
3147.8
3302.25
3474.03
3174.58
2615.7
2243.7
3252.53
3499.79
2913.53
3000.8
2683.2
3542.2
3173.56
2915.59
3434.51
2463.89
2391.47
2182.71
2679.11
3152.31
2630.92
3343.73
3350.53
3125.62
2937.6
3585.98
3045.04
2735.47
3047.93
2949.67
3216.41
3165.64
2460.55
2928.76
2928.34
2475.03
2832.47
3078.36
2326.91
2889.57
2910.12
2694.91
3081.32
3194.72
2700.1
3214.28
3379.94
3010.78
3563.37
3099.18
3620.23
2979.34
3236.2
2477.52
3351.3
2449.39
2971.89
3162
2691.61
3031.86
2892.72
2835.09
3182.06
3161.66
2444.51
2828.97
2458.8
3234.85
2994.3
2226.58
3218.78
3015.91
3451.42
3226.26
3717.56
2279.82
3169.31
3591.34
3321.97
2405.22
2913.72
2785.88
2819.36
2597.57
3470.8
3024.47
3124.57
2558.41
3510.92
2319.99
3087.68
2933.43
2591.05
2928.5
2961.74
2800.62
3321.97
2823.28
3140.84
2494.96
3089.77
2651.24
3526.33
3029.06
3196.93
3398.13
2507.5
2845.1
3151.07
3064.59
3363.58
2672.74
2898.03
2621.9
2251.91
2618.07
3075.43
2711.03
3214.78
3260.26
3483.64
2888.55
2933.38
2889.43
2925.11
3093.91
2891.9
2567.25
2999.25
1991.34
3296.38
2768.45
3359.78
2721.72
2300.24
2364.31
3046.06
2671.5
3116.61
2827.34
3418.7
2347.16
2933.43
2234.31
2544.64
2572.61
2586.55
2943.47
2645.77
2562.41
2925.32
3293.24
3134.95
2954.51
2948.74
2811.2
3496.05
2904.96
3592.44
2720.72
2949.96
3248.88
2401.41
2440.24
3338.12
2351.2
2730.61
2729.44
2937.94
3230.34
3086.86
3169.48
3526.9
3305.22
3349.43
3119.92
3450.4
2862.46
2571.99
2386.3
2796.92
2467.06
2884.64
2771.59
2873.86
2982.99
2566.4
2647.17
2808.82
2882.86
3330.81
2929.78
2580.81
2436.37
3230.34
3015.97
3355.44
3145.68
2957.15
3306.84
2833.39
2716.76
2714.13
2860.59
2926.38
2892.79
3243.94
2668.49
3467.32
2296.04
3521.21
2882.09
3157.66
3133.44
2640.43
3150.27
3578.41
2894.25
2910.4
2994.21
2892.53
2661.78
3036.28
2820.77
3006.88
2685.83
2452.64
2574.78
2688.63
3037.73
2858.59
2892.97
2643.84
2244.4
3367.02
2572.69
2724.93
2821.39
2529.68
2889.36
2893.69
2244.82
2071.3
2838.98
2739.78
2299.25
2654.38
2708.95
3091.32
3076.36
2637.25
2981.35
3051.33
2892.53
2566.83
2858.04
3028.86
2458.54
2967.95
3004.84
2612.99
2667.47
3225.07
2493.9
2570.75
3164.89
3937.28
2551.28
2924.14
2733.12
3116.18
2697.22
2849.54
3242.49
2821.78
2253.47
3077.42
2436.06
3372.2
2330.07
3265.7
3069.95
2446.74
3300.55
2726.53
3363.28
2355.22
2967.18
3730.14
3304.55
3056.37
2490.59
2708.18
2785.45
2857.95
2290.49
2978.04
3160.89
3000.67
3056.6
3492.9
2436.06
3386.4
3054.64
3429.75
2513.79
2612.29
2458.28
3552.37
3562.69
2637.04
3349.93
3312.96
2624.69
3460.26
3418.87
3062.55
2476.67
3086.52
3159.45
3420.31
3508.46
2475.88
3074.43
3041.98
2844.78
2526.73
3186.82
2991.35
3213.42
3661.12
3392.26
2519.21
2453.11
2666.39
2505.72
3352.03
3201.78
2471.91
2650.35
3528.52
3304.38
3345.26
2354.06
2933.61
2812.24
2889.66
2618.76
3821.43
2134.14
2372.97
2836.11
2972.2
2914.47
3079.31
2622.08
3004.24
2778.45
3317.97
2608.42
2609.75
3497.75
2847.41
2685.31
2910.06
2600.07
2428.96
3112.78
3298.85
2277.18
2921.11
3038.07
2979.72
3025.24
2933.56
2964.12
3581.22
3077
2852.34
2956.78
2926.55
2396.35
3037.81
3264.14
2436.06
2660.75
2516.04
2278.25
2888.58
3000.1
2606.01
2131.64
2856.18
3330.81
2754.17
2618.68
3517.3
2573.2
2941.82
3044.05
2901.56
2823.64
2975.43
3049.72
3539.82
2673.84
3065.36
2772.95
3272.41
3252.36
3372.2
3583.94
