90.42
72.84
91.23
114.98
55.40
97.34
35.25
69.98
50.67
32.74
38.07
44.96
45.38
103.31
76.50
94.46
57.62
56.58
80.82
70.21
91.34
69.10
81.97
75.32
82.26
67.84
63.45
65.87
40.80
108.11
90.20
50.20
46.62
72.00
66.33
68.28
89.14
56.12
61.91
73.17
55.44
104.43
49.39
92.16
62.92
31.15
35.24
71.39
73.07
44.01
92.35
32.97
95.54
86.27
77.33
99.96
42.14
108.27
56.22
56.59
59.14
88.19
72.82
76.58
43.59
58.76
91.18
68.55
67.26
41.76
42.73
76.64
102.54
81.98
45.96
38.61
108.06
44.00
47.74
61.38
98.02
73.78
77.56
74.16
41.89
115.11
91.31
78.11
92.93
72.64
67.33
77.00
51.21
50.94
78.47
76.12
45.90
59.69
68.33
75.38
56.15
65.60
87.16
101.09
41.26
34.29
82.96
70.32
81.22
90.22
89.22
81.78
96.69
73.12
53.11
60.04
90.69
91.45
63.41
105.21
44.93
92.65
51.69
55.63
33.16
114.41
93.10
57.38
112.57
33.10
107.96
72.94
54.36
28.77
84.66
33.69
37.68
77.20
98.23
82.12
100.05
82.62
84.31
89.78
98.60
54.27
69.38
37.54
106.74
56.81
55.32
41.64
65.54
36.14
76.05
98.11
58.44
87.37
66.14
32.71
70.26
72.98
95.68
90.04
49.66
49.46
50.12
41.38
96.10
45.86
81.19
47.30
94.05
76.18
43.89
98.76
49.40
57.32
115.87
40.34
71.40
57.20
32.09
53.92
42.05
100.13
63.90
98.03
36.57
65.78
65.29
91.25
92.88
47.97
44.23
55.87
64.66
56.28
56.89
80.68
81.16
57.24
104.74
83.38
93.29
42.14
33.70
105.08
111.07
62.17
70.58
70.52
84.40
47.19
56.94
72.96
64.37
64.49
83.90
63.44
42.40
48.35
46.53
60.43
47.11
37.10
77.27
65.64
118.48
59.70
90.52
108.26
71.17
83.96
69.72
55.07
34.69
108.14
61.33
63.17
106.21
116.45
86.20
37.89
50.89
39.30
46.73
89.30
89.43
77.21
46.38
95.37
59.64
42.72
46.97
100.64
54.52
102.46
78.91
55.96
67.18
35.92
85.07
110.07
56.95
46.14
49.49
95.99
115.34
89.41
76.50
59.58
87.19
81.86
32.32
32.05
67.21
36.47
45.87
102.62
37.50
61.30
99.45
40.40
44.92
49.10
59.66
67.00
72.99
95.58
44.82
106.96
59.65
88.38
54.66
102.56
63.42
66.09
82.91
88.77
74.68
108.68
38.14
39.75
33.02
100.20
62.10
98.14
60.12
111.58
38.23
80.68
90.47
63.86
93.51
107.00
52.98
87.38
102.39
80.98
93.10
80.87
72.47
61.80
80.73
54.23
46.34
48.80
71.05
88.72
103.77
82.12
56.14
83.82
40.61
33.56
111.37
65.97
91.50
91.82
32.10
50.60
76.99
71.46
84.60
110.84
87.02
33.84
108.15
92.44
94.87
74.59
119.43
90.49
93.94
38.24
58.76
90.96
59.51
82.89
109.51
72.61
77.10
91.16
75.56
65.08
38.67
38.56
52.52
105.55
75.47
62.99
79.91
87.23
61.78
32.13
55.03
87.32
74.27
52.99
92.24
87.69
78.51
58.96
39.73
76.20
96.15
31.29
52.35
92.23
55.99
67.39
112.25
65.57
79.49
43.50
60.10
77.18
75.85
91.28
37.86
64.51
92.53
51.12
74.06
67.46
58.49
41.46
32.03
102.35
55.58
100.34
48.61
48.50
78.67
31.85
90.52
70.59
82.74
66.31
49.72
33.54
57.92
49.82
53.28
78.98
34.81
117.22
89.02
75.26
80.55
95.13
48.30
101.16
90.41
69.08
60.65
31.17
116.22
92.86
48.95
47.59
117.03
83.32
95.65
78.02
88.73
57.93
103.88
56.97
91.18
51.83
61.65
93.17
97.50
37.25
88.50
44.59
55.80
95.85
84.60
82.36
81.72
90.56
103.75
95.32
61.88
61.46
95.65
34.81
42.64
105.52
49.41
88.27
54.70
50.73
58.77
36.58
82.53
36.35
93.61
110.27
100.98
39.70
45.27
81.96
68.00
69.56
67.64
33.67
57.59
46.62
85.41
58.74
32.92
31.00
77.41
96.65
47.80
70.04
105.24
94.36
103.21
92.16
111.25
92.72
102.47
119.75
91.35
102.13
104.88
109.85
104.60
93.01
110.58
95.92
106.24
102.58
112.60
93.49
100.58
109.77
90.73
101.87
115.29
108.32
93.52
95.16
102.41
99.37
91.62
96.53
99.80
98.35
107.95
116.00
90.05
98.83
93.99
104.03
105.25
121.07
109.17
114.26
103.65
111.76
98.98
101.13
100.87
99.85
103.82
113.17
116.92
91.24
118.72
103.28
117.60
111.55
106.57
97.17
102.45
115.43
102.15
95.27
112.40
112.51
105.96
102.82
121.37
101.27
104.10
103.39
91.01
114.05
102.81
101.20
110.27
104.44
99.81
98.70
92.81
96.26
88.36
111.38
98.90
118.52
88.55
103.26
103.79
109.35
103.48
111.34
89.13
94.73
105.70
109.97
96.22
99.95
91.96
108.59
107.28
110.23
94.53
90.16
93.65
91.17
100.32
108.03
104.61
105.04
105.19
94.71
105.15
117.04
90.22
99.26
99.29
106.11
102.01
113.46
103.47
118.88
117.47
91.19
89.99
97.18
105.33
107.20
111.27
118.09
92.67
113.15
111.55
118.30
108.42
99.58
104.61
89.03
117.33
90.23
88.49
100.94
111.86
92.00
111.46
96.35
95.93
101.32
90.51
103.12
106.68
116.58
98.56
91.51
91.36
116.30
106.36
90.75
101.44
105.30
109.75
101.13
119.43
102.06
116.28
115.48
110.26
96.90
114.37
96.10
101.97
98.81
95.79
98.51
114.96
103.47
107.50
91.32
99.93
90.28
90.79
104.49
114.32
101.41
102.16
104.05
106.23
97.69
106.34
96.43
118.38
106.03
106.03
112.99
102.35
107.78
95.92
100.87
120.73
104.07
98.07
118.63
93.75
116.38
88.54
120.63
106.03
111.88
100.17
108.39
118.25
112.89
92.19
99.97
114.57
106.24
114.50
94.05
104.13
106.95
112.01
109.57
91.14
99.80
103.52
106.08
91.93
114.60
105.60
104.03
102.53
89.97
103.41
98.93
104.00
112.62
100.07
100.83
91.98
120.82
116.98
88.27
100.68
91.84
112.65
112.48
115.57
110.38
110.82
109.33
110.03
107.41
116.36
107.04
104.09
102.98
89.92
119.12
105.33
90.04
106.84
101.15
103.15
107.01
114.59
91.40
88.06
100.93
111.50
106.64
92.66
106.01
97.01
109.82
106.44
94.76
103.70
106.18
109.53
120.94
110.32
100.41
114.12
88.26
112.73
92.89
99.55
113.12
88.27
90.25
106.63
110.12
95.89
117.61
102.92
96.07
111.46
105.96
107.13
108.26
117.37
118.67
101.70
114.41
108.37
101.85
101.45
105.90
98.49
94.05
108.33
107.71
100.50
89.09
89.61
101.34
108.71
108.54
90.15
104.40
105.17
91.90
100.31
96.08
98.39
103.75
89.83
114.26
118.45
111.61
104.49
106.76
90.11
88.10
94.85
99.20
110.79
105.45
103.37
100.07
105.24
104.84
100.09
111.72
115.66
100.47
109.81
89.73
92.18
100.26
106.21
100.55
103.98
105.77
120.73
94.30
116.14
105.43
105.78
105.51
93.97
94.21
101.22
94.86
116.50
99.89
98.49
115.31
104.95
90.81
92.57
107.00
89.78
101.44
101.05
101.64
106.67
121.36
106.06
101.73
101.03
95.20
98.24
89.21
99.71
98.66
97.61
108.15
116.44
91.89
108.70
100.16
101.50
88.97
115.36
94.08
116.81
120.67
89.22
102.03
101.88
106.06
120.92
117.46
114.75
107.26
100.23
93.20
101.32
110.98
88.24
106.95
89.79
102.44
105.24
101.31
119.59
106.25
107.86
112.02
106.19
91.49
94.00
88.37
121.26
101.44
96.00
95.34
103.56
107.85
105.13
100.35
96.19
101.66
106.93
117.43
118.54
105.31
101.07
121.18
118.88
101.63
100.89
92.59
96.97
96.98
108.15
97.51
89.74
109.35
102.97
99.77
105.53
95.92
92.48
100.58
94.30
93.14
116.93
104.81
90.24
103.68
106.60
100.96
98.41
101.85
112.76
109.86
96.90
88.88
88.82
118.69
90.14
91.49
92.30
88.24
95.86
105.28
102.13
88.50
105.27
106.53
105.36
88.64
109.15
90.34
115.17
111.74
121.03
88.27
105.65
104.87
114.85
102.76
95.79
100.59
116.12
105.54
113.49
114.67
