69.5675
69.5702
69.5730
69.5757
69.5784
69.5812
69.5839
69.5866
69.5894
69.5921
69.5949
69.5976
69.6003
69.6031
69.6058
69.6085
69.6113
69.6140
69.6168
69.6195
69.6222
69.6250
69.6277
69.6305
69.6332
69.6359
69.6387
69.6414
69.6441
69.6469
69.6496
58.3831
58.3859
58.3886
58.3913
58.3941
58.3968
58.3996
58.4023
58.4050
58.4078
58.4105
58.4132
58.4160
58.4187
58.4215
58.4242
58.4269
58.4297
58.4324
58.4351
58.4379
58.4406
58.4434
58.4461
58.4488
58.4516
58.4543
58.4571
58.4598
58.4625
58.4653
58.5775
58.5803
58.5830
58.5857
58.5885
58.5912
58.5939
58.5967
58.5994
58.6022
58.6049
58.6076
58.6104
58.6131
58.6159
58.6186
58.6213
58.6241
58.6268
58.6295
58.6323
58.6350
58.6378
58.6405
58.6432
58.6460
58.6487
58.6514
58.6542
58.6569
58.6597
50.6075
50.6102
50.6129
50.6157
50.6184
50.6212
50.6239
50.6266
50.6294
50.6321
50.6349
50.6376
50.6403
50.6431
50.6458
50.6485
50.6513
50.6540
50.6568
50.6595
50.6622
50.6650
50.6677
50.6704
50.6732
50.6759
50.6787
50.6814
50.6841
50.6869
50.6896
57.5371
57.5399
57.5426
57.5453
57.5481
57.5508
57.5535
57.5563
57.5590
57.5618
57.5645
57.5672
57.5700
57.5727
57.5754
57.5782
57.5809
57.5837
57.5864
57.5891
57.5919
57.5946
57.5973
57.6001
57.6028
57.6056
57.6083
57.6110
57.6138
57.6165
57.6193
47.6149
47.6177
47.6204
47.6232
47.6259
47.6286
47.6314
47.6341
47.6368
47.6396
47.6423
47.6451
47.6478
47.6505
47.6533
47.6560
47.6587
47.6615
47.6642
47.6670
47.6697
47.6724
47.6752
47.6779
47.6807
47.6834
47.6861
47.6889
47.6916
47.6943
47.6971
62.8295
62.8322
62.8350
62.8377
62.8404
62.8432
62.8459
62.8487
62.8514
62.8541
62.8569
62.8596
62.8623
62.8651
62.8678
62.8706
62.8733
62.8760
62.8788
62.8815
62.8842
62.8870
62.8897
62.8925
62.8952
62.8979
62.9007
62.9034
62.9062
62.9089
62.9116
50.3282
50.3309
50.3337
50.3364
50.3392
50.3419
50.3446
50.3474
50.3501
50.3528
50.3556
50.3583
50.3611
50.3638
50.3665
50.3693
50.3720
50.3748
50.3775
50.3802
50.3830
50.3857
50.3884
50.3912
50.3939
50.3967
50.3994
50.4021
50.4049
50.4076
50.4103
57.5672
57.5700
57.5727
57.5754
57.5782
57.5809
57.5837
57.5864
57.5891
57.5919
57.5946
57.5973
57.6001
57.6028
57.6056
57.6083
57.6110
57.6138
57.6165
57.6193
57.6220
57.6247
57.6275
57.6302
57.6329
57.6357
57.6384
57.6412
57.6439
57.6466
57.6494
45.6108
45.6135
45.6163
45.6190
45.6217
45.6245
45.6272
45.6300
45.6327
45.6354
45.6382
45.6409
45.6436
45.6464
45.6491
45.6519
45.6546
45.6573
45.6601
45.6628
45.6656
45.6683
45.6710
45.6738
45.6765
45.6792
45.6820
45.6847
45.6875
45.6902
45.6929
36.5319
36.5346
36.5374
36.5401
36.5428
36.5456
36.5483
36.5511
36.5538
36.5565
36.5593
36.5620
36.5647
36.5675
36.5702
36.5730
36.5757
36.5784
36.5812
36.5839
36.5867
36.5894
36.5921
36.5949
36.5976
36.6003
36.6031
36.6058
36.6086
36.6113
36.6140
42.2815
42.2842
42.2870
42.2897
42.2924
42.2952
42.2979
42.3007
42.3034
42.3061
42.3089
42.3116
42.3144
42.3171
42.3198
42.3226
42.3253
42.3280
42.3308
42.3335
42.3363
42.3390
42.3417
42.3445
42.3472
42.3499
42.3527
42.3554
42.3582
42.3609
42.3636
57.2962
57.2989
57.3017
57.3044
57.3071
57.3099
57.3126
57.3153
57.3181
57.3208
57.3236
57.3263
57.3290
57.3318
57.3345
57.3372
57.3400
57.3427
57.3455
57.3482
57.3509
57.3537
57.3564
57.3592
57.3619
57.3646
57.3674
57.3701
57.3728
57.3756
57.3783
41.4300
41.4327
41.4355
41.4382
41.4410
41.4437
41.4464
41.4492
41.4519
41.4546
41.4574
41.4601
41.4629
41.4656
41.4683
41.4711
41.4738
41.4766
41.4793
41.4820
41.4848
41.4875
41.4902
41.4930
41.4957
41.4985
41.5012
41.5039
41.5067
41.5094
41.5121
43.4834
43.4862
43.4889
43.4917
43.4944
43.4971
43.4999
43.5026
43.5053
43.5081
43.5108
43.5136
43.5163
43.5190
43.5218
43.5245
43.5272
43.5300
43.5327
43.5355
43.5382
43.5409
43.5437
43.5464
43.5491
43.5519
43.5546
43.5574
43.5601
43.5628
43.5656
43.2617
43.2644
43.2671
43.2699
43.2726
43.2754
43.2781
43.2808
43.2836
43.2863
43.2890
43.2918
43.2945
43.2973
43.3000
43.3027
43.3055
43.3082
43.3110
43.3137
43.3164
43.3192
43.3219
43.3246
43.3274
43.3301
43.3329
43.3356
43.3383
43.3411
43.3438
50.2269
50.2296
50.2324
50.2351
50.2379
50.2406
50.2433
50.2461
50.2488
50.2515
50.2543
50.2570
50.2598
50.2625
50.2652
50.2680
50.2707
50.2734
50.2762
50.2789
50.2817
50.2844
50.2871
50.2899
50.2926
50.2954
50.2981
50.3008
50.3036
50.3063
50.3090
46.8346
46.8374
46.8401
46.8429
46.8456
46.8483
46.8511
46.8538
46.8565
46.8593
46.8620
46.8648
46.8675
46.8702
46.8730
46.8757
46.8784
46.8812
46.8839
46.8867
46.8894
46.8921
46.8949
46.8976
46.9003
46.9031
46.9058
46.9086
46.9113
46.9140
46.9168
48.9729
48.9757
48.9784
48.9812
48.9839
48.9866
48.9894
48.9921
48.9948
48.9976
49.0003
49.0031
49.0058
49.0085
49.0113
49.0140
49.0167
49.0195
49.0222
49.0250
49.0277
49.0304
49.0332
49.0359
49.0387
49.0414
49.0441
49.0469
49.0496
49.0523
49.0551
56.5761
56.5788
56.5816
56.5843
56.5871
56.5898
56.5925
56.5953
56.5980
56.6008
56.6035
56.6062
56.6090
56.6117
56.6144
56.6172
56.6199
56.6227
56.6254
56.6281
56.6309
56.6336
56.6363
56.6391
56.6418
56.6446
56.6473
56.6500
56.6528
56.6555
56.6582
37.5449
37.5477
37.5504
37.5531
37.5559
37.5586
37.5613
37.5641
37.5668
37.5696
37.5723
37.5750
37.5778
37.5805
37.5832
37.5860
37.5887
37.5915
37.5942
37.5969
37.5997
37.6024
37.6052
37.6079
37.6106
37.6134
37.6161
37.6188
37.6216
37.6243
37.6271
46.9469
46.9496
46.9524
46.9551
46.9578
46.9606
46.9633
46.9661
46.9688
46.9715
46.9743
46.9770
46.9797
46.9825
46.9852
46.9880
46.9907
46.9934
46.9962
46.9989
47.0016
47.0044
47.0071
47.0099
47.0126
47.0153
47.0181
47.0208
47.0236
47.0263
47.0290
42.6785
42.6812
42.6840
42.6867
42.6894
42.6922
42.6949
42.6977
42.7004
42.7031
42.7059
42.7086
42.7113
42.7141
42.7168
42.7196
42.7223
42.7250
42.7278
42.7305
42.7333
42.7360
42.7387
42.7415
42.7442
42.7469
42.7497
42.7524
42.7552
42.7579
42.7606
40.5621
40.5648
40.5676
40.5703
40.5730
40.5758
40.5785
40.5813
40.5840
40.5867
40.5895
40.5922
40.5949
40.5977
40.6004
40.6032
40.6059
40.6086
40.6114
40.6141
40.6169
40.6196
40.6223
40.6251
40.6278
40.6305
40.6333
40.6360
40.6388
40.6415
40.6442
40.4800
40.4827
40.4854
40.4882
40.4909
40.4936
40.4964
40.4991
40.5019
40.5046
40.5073
40.5101
40.5128
40.5155
40.5183
40.5210
40.5238
40.5265
40.5292
40.5320
40.5347
40.5375
40.5402
40.5429
40.5457
40.5484
40.5511
40.5539
40.5566
40.5594
40.5621
61.7042
61.7069
61.7097
61.7124
61.7152
61.7179
61.7206
61.7234
61.7261
61.7289
61.7316
61.7343
61.7371
61.7398
61.7425
61.7453
61.7480
61.7508
61.7535
61.7562
61.7590
61.7617
61.7644
61.7672
61.7699
61.7727
61.7754
61.7781
61.7809
61.7836
61.7863
78.8024
78.8052
78.8079
78.8107
78.8134
78.8161
78.8189
78.8216
78.8243
78.8271
78.8298
78.8326
78.8353
78.8380
78.8408
78.8435
78.8462
78.8490
78.8517
78.8545
78.8572
78.8599
78.8627
78.8654
78.8681
78.8709
78.8736
78.8764
78.8791
78.8818
78.8846
43.0426
43.0454
43.0481
43.0508
43.0536
43.0563
43.0591
43.0618
43.0645
43.0673
43.0700
43.0728
43.0755
43.0782
43.0810
43.0837
43.0864
43.0892
43.0919
43.0947
43.0974
43.1001
43.1029
43.1056
43.1083
43.1111
43.1138
43.1166
43.1193
43.1220
43.1248
59.6015
59.6042
59.6070
59.6097
59.6124
59.6152
59.6179
59.6207
59.6234
59.6261
59.6289
59.6316
59.6344
59.6371
59.6398
59.6426
59.6453
59.6480
59.6508
59.6535
59.6563
59.6590
59.6617
59.6645
59.6672
59.6699
59.6727
59.6754
59.6782
59.6809
59.6836
55.6972
55.7000
55.7027
55.7055
55.7082
55.7109
55.7137
55.7164
55.7191
55.7219
55.7246
55.7274
55.7301
55.7328
55.7356
55.7383
55.7410
55.7438
55.7465
55.7493
55.7520
55.7547
55.7575
55.7602
55.7630
55.7657
55.7684
55.7712
55.7739
55.7766
55.7794